3.159876e-01 1.653698e-01 4.917637e-02 2.877829e-02 3.040673e-02 3.578507e-02 6.349859e-02 1.640612e-01 3.159876e-01 3.159876e-01 1.197908e-01 4.132923e-02 2.203145e-02 2.353162e-02 2.962975e-02 6.387707e-02 1.425195e-01 3.159876e-01 3.159876e-01 1.578665e-01 5.802429e-02 2.982881e-02 2.547023e-02 3.274437e-02 5.019056e-02 1.619361e-01 3.159876e-01 3.159876e-01 1.350470e-01 5.476095e-02 2.912818e-02 2.629006e-02 2.323265e-02 4.051474e-02 1.024769e-01 3.159876e-01 6.76 1
3.176858e-01 9.631725e-02 3.359387e-02 2.146410e-02 2.039854e-02 2.379381e-02 6.192154e-02 2.264392e-01 3.176858e-01 3.176858e-01 1.390042e-01 5.835931e-02 2.831248e-02 1.974835e-02 2.702975e-02 5.891721e-02 1.946348e-01 3.176858e-01 3.176858e-01 1.079104e-01 3.455284e-02 1.850695e-02 1.665878e-02 1.949674e-02 3.977569e-02 1.246827e-01 3.176858e-01 3.176858e-01 1.228850e-01 5.132405e-02 2.514701e-02 2.028293e-02 2.490229e-02 3.728560e-02 8.881661e-02 3.176858e-01 6.54 2
3.197132e-01 1.334145e-01 4.362109e-02 1.617084e-02 1.417395e-02 2.117690e-02 4.733770e-02 1.381336e-01 3.197132e-01 3.197132e-01 1.212130e-01 4.267275e-02 1.807587e-02 2.041455e-02 2.607036e-02 4.161606e-02 1.223814e-01 3.197132e-01 3.197132e-01 2.087389e-01 6.865330e-02 2.995457e-02 2.326991e-02 2.505425e-02 4.177104e-02 1.237372e-01 3.197132e-01 3.197132e-01 1.512525e-01 6.175692e-02 2.929118e-02 1.905194e-02 1.903412e-02 3.705544e-02 9.290633e-02 3.197132e-01 5.79 3
3.170223e-01 1.221424e-01 4.007215e-02 2.671436e-02 3.082129e-02 4.604228e-02 7.665776e-02 2.049675e-01 3.170223e-01 3.170223e-01 9.930690e-02 3.485736e-02 2.532332e-02 3.009021e-02 3.606300e-02 6.835914e-02 1.454076e-01 3.170223e-01 3.170223e-01 1.330647e-01 3.685030e-02 3.073343e-02 3.672660e-02 3.427927e-02 6.644395e-02 1.837437e-01 3.170223e-01 3.170223e-01 9.480688e-02 4.042133e-02 2.716369e-02 3.194283e-02 3.098938e-02 4.122830e-02 1.108523e-01 3.170223e-01 5.84 4
3.281275e-01 1.405277e-01 3.945038e-02 2.083637e-02 1.934278e-02 1.670528e-02 2.616824e-02 1.069022e-01 3.281275e-01 3.281275e-01 9.925384e-02 2.981376e-02 1.298867e-02 2.071400e-02 2.229144e-02 3.309413e-02 1.031415e-01 3.281275e-01 3.281275e-01 1.293313e-01 4.701330e-02 2.956398e-02 2.544975e-02 2.574800e-02 4.304854e-02 1.474802e-01 3.281275e-01 3.281275e-01 1.283320e-01 4.190743e-02 2.085333e-02 2.139041e-02 2.338583e-02 3.814281e-02 1.214127e-01 3.281275e-01 6.09 5
3.106298e-01 1.524221e-01 6.521062e-02 4.622152e-02 3.376110e-02 3.318619e-02 6.545091e-02 1.875815e-01 3.106298e-01 3.106298e-01 1.201719e-01 3.579867e-02 1.559405e-02 2.334596e-02 3.710549e-02 5.311821e-02 1.472110e-01 3.106298e-01 3.106298e-01 1.672404e-01 6.518336e-02 3.677564e-02 3.346219e-02 3.879267e-02 4.938031e-02 1.393639e-01 3.106298e-01 3.106298e-01 1.663591e-01 5.286830e-02 2.509932e-02 2.156836e-02 2.597134e-02 4.234435e-02 1.492305e-01 3.106298e-01 6.66 6
2.952917e-01 1.743037e-01 5.762922e-02 3.294212e-02 3.475908e-02 3.070602e-02 5.864655e-02 1.996922e-01 2.952917e-01 2.952917e-01 1.743501e-01 6.922618e-02 4.148389e-02 4.481048e-02 4.044531e-02 6.538247e-02 1.663407e-01 2.952917e-01 2.952917e-01 1.497225e-01 5.697978e-02 3.277249e-02 3.322785e-02 4.606904e-02 8.379991e-02 2.294499e-01 2.952917e-01 2.952917e-01 1.486973e-01 6.971432e-02 3.768931e-02 3.486714e-02 4.804023e-02 8.179599e-02 1.463840e-01 2.952917e-01 5.83 7
2.934439e-01 2.332627e-01 1.021263e-01 7.917053e-02 5.920963e-02 5.323232e-02 1.022651e-01 1.927778e-01 2.934439e-01 2.934439e-01 1.157508e-01 5.142450e-02 3.707752e-02 3.069165e-02 2.383945e-02 4.917721e-02 1.087473e-01 2.934439e-01 2.934439e-01 2.313015e-01 9.736311e-02 5.025758e-02 3.796426e-02 4.095256e-02 7.462983e-02 2.169813e-01 2.934439e-01 2.934439e-01 1.128189e-01 5.166211e-02 3.470546e-02 2.410651e-02 1.751866e-02 3.522353e-02 1.134808e-01 2.934439e-01 5.74 8
3.204324e-01 1.877607e-01 5.213694e-02 2.192781e-02 1.752637e-02 2.455089e-02 4.824198e-02 1.563711e-01 3.204324e-01 3.204324e-01 1.026676e-01 3.882086e-02 2.325565e-02 1.808655e-02 1.959304e-02 4.880011e-02 1.183658e-01 3.204324e-01 3.204324e-01 1.372861e-01 4.846931e-02 1.976283e-02 1.133243e-02 1.182013e-02 3.221251e-02 1.314758e-01 3.204324e-01 3.204324e-01 1.570800e-01 6.251176e-02 3.508615e-02 2.343739e-02 1.997791e-02 3.480589e-02 1.029493e-01 3.204324e-01 5.6 9
3.221093e-01 1.351167e-01 3.266146e-02 3.545038e-02 5.227974e-02 4.544996e-02 6.241788e-02 1.505178e-01 3.221093e-01 3.221093e-01 9.633577e-02 3.399723e-02 2.794833e-02 3.843442e-02 5.172437e-02 8.322325e-02 1.524856e-01 3.221093e-01 3.221093e-01 1.377036e-01 3.840829e-02 3.328697e-02 3.334935e-02 3.944814e-02 6.201081e-02 1.502122e-01 3.221093e-01 3.221093e-01 8.369245e-02 3.173789e-02 2.062769e-02 2.038668e-02 2.474157e-02 4.443121e-02 1.020967e-01 3.221093e-01 5.91 10
3.164649e-01 1.416059e-01 5.983490e-02 3.404349e-02 3.571973e-02 6.006222e-02 8.933590e-02 1.675082e-01 3.164649e-01 3.164649e-01 1.028347e-01 3.562758e-02 2.372922e-02 2.115515e-02 2.118568e-02 5.372062e-02 1.475114e-01 3.164649e-01 3.164649e-01 1.028227e-01 4.054707e-02 2.542750e-02 2.788745e-02 3.981480e-02 8.352119e-02 2.151379e-01 3.164649e-01 3.164649e-01 9.085654e-02 2.542572e-02 1.330178e-02 1.346555e-02 2.840316e-02 4.742743e-02 1.197233e-01 3.164649e-01 5.64 11
3.265998e-01 1.553089e-01 5.769100e-02 2.884118e-02 3.173970e-02 2.669401e-02 4.888074e-02 1.703013e-01 3.265998e-01 3.265998e-01 1.412812e-01 4.908930e-02 2.698053e-02 2.611447e-02 2.903520e-02 5.905415e-02 1.859783e-01 3.265998e-01 3.265998e-01 1.410121e-01 4.819306e-02 2.929626e-02 2.109866e-02 2.266810e-02 5.042587e-02 1.658968e-01 3.265998e-01 2.765144e-01 8.453490e-02 4.084641e-02 2.681567e-02 1.841721e-02 1.327338e-02 3.252444e-02 9.077021e-02 2.932726e-01 5.72 12
3.092608e-01 1.719058e-01 5.918035e-02 2.928420e-02 2.379415e-02 3.414781e-02 5.426494e-02 1.694521e-01 3.092608e-01 3.092608e-01 1.214684e-01 4.760179e-02 2.756370e-02 2.668802e-02 2.731757e-02 5.095548e-02 1.359698e-01 3.092608e-01 3.092608e-01 1.911034e-01 5.873106e-02 3.563681e-02 2.726881e-02 3.125999e-02 5.281650e-02 1.607144e-01 3.092608e-01 3.092608e-01 1.741539e-01 6.633250e-02 4.384620e-02 2.663071e-02 2.367999e-02 4.732080e-02 1.244809e-01 3.092608e-01 5.55 13
3.348351e-01 1.114503e-01 2.763973e-02 1.057026e-02 1.235831e-02 1.878714e-02 4.711610e-02 1.381050e-01 3.348351e-01 3.348351e-01 8.110875e-02 3.399171e-02 2.441692e-02 2.821062e-02 2.210123e-02 3.886263e-02 1.129107e-01 3.348351e-01 3.348351e-01 8.701916e-02 3.395798e-02 1.718000e-02 1.282071e-02 1.901928e-02 3.368291e-02 8.728459e-02 3.348351e-01 3.348351e-01 1.042365e-01 4.596082e-02 2.674513e-02 2.228073e-02 2.150996e-02 3.969866e-02 9.790972e-02 3.348351e-01 5.57 14
3.098546e-01 1.779753e-01 4.941995e-02 2.903697e-02 2.782698e-02 3.306507e-02 5.808105e-02 1.472056e-01 3.098546e-01 3.098546e-01 9.960406e-02 3.249570e-02 1.713772e-02 2.054927e-02 2.589291e-02 6.270331e-02 1.385973e-01 3.098546e-01 3.098546e-01 2.006741e-01 6.760295e-02 2.786845e-02 2.459883e-02 3.246886e-02 7.167208e-02 1.838004e-01 3.098546e-01 3.098546e-01 1.517173e-01 5.575413e-02 3.337928e-02 3.143306e-02 2.265473e-02 4.619961e-02 1.321843e-01 3.098546e-01 6.48 15
3.149841e-01 1.597165e-01 3.725586e-02 1.863013e-02 1.823984e-02 2.572435e-02 4.919747e-02 1.448345e-01 3.149841e-01 3.149841e-01 1.257295e-01 3.655877e-02 1.760083e-02 1.909094e-02 3.894355e-02 6.883282e-02 1.273884e-01 3.149841e-01 3.149841e-01 1.493196e-01 5.065579e-02 3.093229e-02 2.359947e-02 2.662364e-02 5.591594e-02 1.956790e-01 3.149841e-01 3.149841e-01 1.068954e-01 4.086659e-02 2.490587e-02 2.381996e-02 3.369189e-02 6.840264e-02 1.604444e-01 3.149841e-01 5.82 16
3.121764e-01 1.415407e-01 6.090068e-02 3.166110e-02 3.262798e-02 4.438847e-02 7.019594e-02 1.431459e-01 3.121764e-01 3.121764e-01 1.534953e-01 8.530344e-02 4.391113e-02 3.195026e-02 2.842330e-02 5.888163e-02 1.559912e-01 3.121764e-01 3.121764e-01 1.411038e-01 6.942360e-02 3.385030e-02 3.203806e-02 4.180011e-02 7.079478e-02 1.925102e-01 3.121764e-01 3.121764e-01 1.195501e-01 4.908542e-02 2.340201e-02 2.880954e-02 2.580024e-02 4.486151e-02 1.153031e-01 3.121764e-01 6.08 17
3.024830e-01 2.123883e-01 5.808907e-02 3.098121e-02 2.938394e-02 2.987715e-02 5.525896e-02 1.542440e-01 3.024830e-01 3.024830e-01 1.371179e-01 4.691943e-02 2.985045e-02 2.754459e-02 3.606888e-02 6.420945e-02 1.235867e-01 3.024830e-01 3.024830e-01 1.740053e-01 6.684316e-02 3.566389e-02 2.979674e-02 3.956029e-02 7.491270e-02 2.265256e-01 3.024830e-01 3.024830e-01 1.382934e-01 6.449609e-02 4.343075e-02 3.204169e-02 3.153164e-02 5.439930e-02 1.452254e-01 3.024830e-01 6.61 18
3.242074e-01 1.534822e-01 3.670016e-02 2.003386e-02 2.040368e-02 2.798385e-02 4.513192e-02 1.132000e-01 3.242074e-01 3.242074e-01 1.009524e-01 3.143083e-02 1.561905e-02 1.830485e-02 3.070731e-02 6.522762e-02 1.640964e-01 3.242074e-01 3.242074e-01 1.481955e-01 5.677503e-02 3.381554e-02 2.276102e-02 2.555374e-02 4.241852e-02 1.363002e-01 3.242074e-01 3.242074e-01 9.462475e-02 5.400161e-02 3.540464e-02 2.731563e-02 3.560584e-02 4.488541e-02 9.406379e-02 3.242074e-01 5.55 19
2.886387e-01 1.120552e-01 5.283734e-02 2.806679e-02 1.740153e-02 3.167483e-02 8.946215e-02 2.492089e-01 2.886387e-01 2.886387e-01 1.387952e-01 5.193120e-02 3.262971e-02 2.363754e-02 3.955005e-02 1.087620e-01 2.871364e-01 2.886387e-01 2.886387e-01 1.475558e-01 6.477381e-02 3.270832e-02 2.554936e-02 4.079158e-02 8.876286e-02 2.112527e-01 2.886387e-01 2.886387e-01 1.418849e-01 6.001342e-02 2.701267e-02 2.296955e-02 3.143128e-02 5.768263e-02 1.239311e-01 2.886387e-01 5.78 20
3.076487e-01 2.000091e-01 6.831618e-02 3.416796e-02 2.030841e-02 2.659572e-02 5.214931e-02 1.776245e-01 3.076487e-01 3.076487e-01 1.621912e-01 5.608295e-02 2.550074e-02 2.309944e-02 2.385262e-02 5.898322e-02 1.650171e-01 3.076487e-01 3.076487e-01 1.356157e-01 4.184566e-02 2.905979e-02 2.928245e-02 3.298682e-02 7.243177e-02 1.925156e-01 3.076487e-01 3.076487e-01 1.191651e-01 4.093424e-02 2.010224e-02 2.608074e-02 2.835392e-02 4.940022e-02 1.192898e-01 3.076487e-01 5.41 21
3.285066e-01 1.183204e-01 3.725160e-02 1.949393e-02 2.353211e-02 3.496286e-02 6.935702e-02 1.342425e-01 3.285066e-01 3.285066e-01 9.932823e-02 4.279206e-02 1.512309e-02 1.730146e-02 2.149691e-02 5.222367e-02 1.151380e-01 3.285066e-01 3.285066e-01 1.239736e-01 6.201900e-02 2.802782e-02 1.777367e-02 1.821583e-02 3.556067e-02 1.302634e-01 3.285066e-01 3.285066e-01 1.195041e-01 4.812878e-02 1.978822e-02 1.431954e-02 1.413490e-02 3.073825e-02 1.019775e-01 3.285066e-01 5.74 22
2.889898e-01 1.493122e-01 5.634553e-02 3.740352e-02 3.978676e-02 4.455398e-02 1.074901e-01 1.818076e-01 2.889898e-01 2.889898e-01 1.296051e-01 6.644841e-02 4.939416e-02 5.749847e-02 6.916997e-02 1.165303e-01 2.269650e-01 2.889898e-01 2.889898e-01 2.240493e-01 1.036323e-01 7.386205e-02 6.714039e-02 5.786746e-02 8.270361e-02 1.778591e-01 2.889898e-01 2.889898e-01 1.459185e-01 7.194661e-02 4.233146e-02 4.291600e-02 3.317962e-02 6.547106e-02 1.085640e-01 2.889898e-01 5.79 23
3.094090e-01 1.668263e-01 6.608578e-02 3.214771e-02 2.995171e-02 4.336556e-02 7.293931e-02 1.776486e-01 3.094090e-01 3.094090e-01 1.110648e-01 6.130271e-02 3.707106e-02 4.280036e-02 6.247579e-02 6.636046e-02 1.572383e-01 3.094090e-01 3.094090e-01 1.857422e-01 7.559083e-02 3.936499e-02 3.233727e-02 4.577925e-02 7.447363e-02 1.658072e-01 3.094090e-01 3.094090e-01 9.236501e-02 4.751788e-02 3.048822e-02 3.937357e-02 4.635026e-02 6.079853e-02 1.088659e-01 3.094090e-01 5.69 24
3.246749e-01 1.271872e-01 3.197303e-02 1.593903e-02 1.634524e-02 2.149620e-02 3.952388e-02 1.389276e-01 3.246749e-01 3.246749e-01 1.435443e-01 4.668704e-02 2.372896e-02 1.742568e-02 2.288080e-02 4.264763e-02 1.148323e-01 3.246749e-01 3.246749e-01 1.468489e-01 5.511748e-02 2.911255e-02 2.086746e-02 1.979662e-02 3.277388e-02 1.064860e-01 3.246749e-01 3.246749e-01 1.585748e-01 5.015153e-02 2.746735e-02 2.526339e-02 2.125188e-02 3.102559e-02 9.646069e-02 3.246749e-01 5.13 25
2.988529e-01 2.255124e-01 1.121264e-01 6.472239e-02 4.864420e-02 4.459936e-02 7.837545e-02 1.747923e-01 2.988529e-01 2.988529e-01 1.479613e-01 7.757487e-02 4.834171e-02 3.683424e-02 4.285263e-02 6.519267e-02 1.399240e-01 2.988529e-01 2.373613e-01 1.238041e-01 8.446077e-02 4.412997e-02 4.540765e-02 3.669148e-02 5.520805e-02 1.419817e-01 2.886910e-01 2.988529e-01 2.106117e-01 1.006303e-01 5.930034e-02 5.290265e-02 4.687624e-02 6.394545e-02 2.009797e-01 2.988529e-01 5.9 26
3.226130e-01 1.325527e-01 5.479387e-02 3.351493e-02 3.113996e-02 2.876724e-02 3.924495e-02 1.205854e-01 3.226130e-01 3.226130e-01 1.327503e-01 4.675073e-02 2.200419e-02 2.113488e-02 2.136232e-02 4.421446e-02 1.098743e-01 3.226130e-01 3.226130e-01 1.882028e-01 6.433887e-02 2.984295e-02 2.778719e-02 2.854545e-02 4.075262e-02 1.277461e-01 3.226130e-01 3.226130e-01 1.316990e-01 3.950146e-02 2.153842e-02 2.077512e-02 1.353166e-02 2.751792e-02 1.086819e-01 3.226130e-01 5.98 27
3.263097e-01 1.277207e-01 2.989412e-02 1.329123e-02 1.415922e-02 1.925051e-02 3.794299e-02 1.242025e-01 3.263097e-01 3.263097e-01 1.150391e-01 3.073688e-02 1.603275e-02 3.249499e-02 4.338742e-02 5.375785e-02 1.328193e-01 3.263097e-01 3.263097e-01 1.596678e-01 3.392672e-02 1.459355e-02 1.653035e-02 2.526397e-02 4.242571e-02 1.410094e-01 3.263097e-01 3.263097e-01 1.104997e-01 3.893781e-02 1.769441e-02 2.483278e-02 2.602089e-02 3.535073e-02 9.703010e-02 3.263097e-01 7.54 28
2.919087e-01 1.671974e-01 8.248184e-02 4.500600e-02 4.633629e-02 5.130097e-02 1.005273e-01 2.144725e-01 2.919087e-01 2.918639e-01 1.315732e-01 7.985710e-02 5.928451e-02 6.888687e-02 6.636098e-02 1.020447e-01 2.315837e-01 2.919087e-01 2.919087e-01 1.944998e-01 5.993946e-02 3.961080e-02 4.970262e-02 5.774314e-02 1.228539e-01 2.375937e-01 2.919087e-01 2.566709e-01 1.328426e-01 7.510228e-02 4.903660e-02 6.601960e-02 4.361085e-02 9.633554e-02 1.244550e-01 2.185308e-01 5.68 29
3.161310e-01 1.628122e-01 4.497582e-02 3.454455e-02 3.319630e-02 4.025575e-02 6.072466e-02 1.615458e-01 3.161310e-01 3.161310e-01 8.195303e-02 4.399015e-02 3.722539e-02 4.873890e-02 6.167902e-02 5.173471e-02 9.420488e-02 3.161310e-01 3.161310e-01 1.558018e-01 6.444509e-02 2.835345e-02 3.499042e-02 3.678655e-02 6.590480e-02 1.480536e-01 3.161310e-01 3.161310e-01 1.527098e-01 5.109087e-02 3.840469e-02 4.318677e-02 4.324789e-02 5.715474e-02 1.342039e-01 3.161310e-01 5.53 30
3.038373e-01 2.245301e-01 9.179975e-02 4.690287e-02 3.368210e-02 4.025484e-02 5.879018e-02 1.218441e-01 3.038373e-01 3.038373e-01 1.487275e-01 5.331666e-02 2.685835e-02 2.681357e-02 3.437528e-02 5.821369e-02 1.207790e-01 3.038373e-01 3.038373e-01 1.770716e-01 8.177355e-02 3.923456e-02 3.252019e-02 4.434447e-02 8.224196e-02 2.056932e-01 3.038373e-01 3.038373e-01 1.187579e-01 6.094023e-02 4.413331e-02 3.523384e-02 4.483723e-02 6.143066e-02 1.238356e-01 3.038373e-01 4.72 31
3.187684e-01 1.617058e-01 5.604559e-02 3.799041e-02 3.035296e-02 3.402649e-02 5.870328e-02 1.414990e-01 3.187684e-01 3.187684e-01 1.359594e-01 5.474187e-02 2.971971e-02 2.997256e-02 4.355934e-02 7.242126e-02 1.565443e-01 3.187684e-01 3.187684e-01 1.296462e-01 4.814706e-02 3.933239e-02 3.791855e-02 4.415521e-02 7.646061e-02 1.671605e-01 3.187684e-01 3.187684e-01 7.839660e-02 3.597861e-02 1.973940e-02 2.390570e-02 2.598205e-02 4.357077e-02 8.412297e-02 3.187684e-01 5.82 32
2.875878e-01 1.925857e-01 8.430048e-02 5.065339e-02 4.469308e-02 4.847365e-02 9.232923e-02 2.080254e-01 2.875878e-01 2.721259e-01 1.023193e-01 4.955973e-02 2.872100e-02 3.699249e-02 4.367325e-02 8.761295e-02 1.464476e-01 2.875878e-01 2.875878e-01 2.687136e-01 1.150633e-01 4.795504e-02 3.672416e-02 3.978409e-02 6.895758e-02 1.887404e-01 2.875878e-01 2.875878e-01 1.782797e-01 7.701696e-02 4.225242e-02 4.042653e-02 3.628690e-02 6.481803e-02 1.422469e-01 2.875878e-01 6.5 33
3.245067e-01 1.395804e-01 5.877453e-02 2.894606e-02 2.100466e-02 2.735385e-02 5.705332e-02 1.571093e-01 3.245067e-01 3.245067e-01 1.192185e-01 5.104408e-02 2.957413e-02 2.879432e-02 3.074123e-02 4.749989e-02 1.256314e-01 3.245067e-01 3.245067e-01 1.402032e-01 4.136822e-02 2.301533e-02 2.079110e-02 2.617419e-02 4.465216e-02 1.416879e-01 3.245067e-01 3.245067e-01 9.106595e-02 4.098192e-02 2.246432e-02 2.561967e-02 3.186255e-02 4.570429e-02 8.849058e-02 3.245067e-01 6.18 34
3.070184e-01 1.496135e-01 5.537071e-02 2.977440e-02 2.481962e-02 3.632604e-02 7.946275e-02 2.199693e-01 3.070184e-01 3.070184e-01 1.609672e-01 6.488214e-02 3.617604e-02 3.302521e-02 4.576320e-02 8.407966e-02 2.540745e-01 3.070184e-01 3.070184e-01 1.291862e-01 3.904444e-02 1.931696e-02 1.733578e-02 1.818126e-02 3.470952e-02 1.245475e-01 3.070184e-01 3.070184e-01 1.037729e-01 4.142275e-02 2.405627e-02 1.952874e-02 2.041450e-02 3.504133e-02 9.531470e-02 3.014278e-01 5.64 35
2.569981e-01 9.329180e-02 5.789134e-02 3.984965e-02 4.597360e-02 6.484916e-02 7.976095e-02 1.685946e-01 3.025164e-01 3.025164e-01 1.172944e-01 6.500041e-02 6.469279e-02 7.857265e-02 8.757042e-02 8.075182e-02 1.949248e-01 3.025164e-01 3.025164e-01 1.902777e-01 7.235917e-02 4.607940e-02 3.542630e-02 4.818731e-02 8.555783e-02 2.277402e-01 3.025164e-01 3.025164e-01 1.259045e-01 5.486239e-02 3.561843e-02 3.101943e-02 4.477575e-02 7.396480e-02 1.522104e-01 3.025164e-01 6.62 36
3.049004e-01 1.417816e-01 5.834841e-02 3.528383e-02 3.607455e-02 5.059727e-02 8.023503e-02 2.368028e-01 3.049004e-01 3.049004e-01 1.000840e-01 4.816060e-02 3.622039e-02 3.394862e-02 3.763794e-02 5.970031e-02 1.516363e-01 3.049004e-01 3.049004e-01 1.511036e-01 5.658607e-02 3.915463e-02 3.003240e-02 2.835730e-02 3.840163e-02 1.343066e-01 3.049004e-01 3.049004e-01 2.194394e-01 9.850945e-02 3.776025e-02 2.163211e-02 2.259156e-02 3.301867e-02 1.106614e-01 3.049004e-01 5.69 37
3.258865e-01 1.359039e-01 3.902637e-02 2.151947e-02 1.977539e-02 2.758420e-02 5.453473e-02 1.814623e-01 3.258865e-01 3.258865e-01 1.286391e-01 3.111152e-02 1.454816e-02 1.464657e-02 1.854760e-02 4.268343e-02 1.749749e-01 3.258865e-01 3.258865e-01 9.210130e-02 2.842886e-02 1.260724e-02 1.205916e-02 1.644491e-02 3.239167e-02 1.217676e-01 3.258865e-01 3.258865e-01 9.343871e-02 3.607488e-02 1.134856e-02 1.088939e-02 1.251996e-02 2.104562e-02 7.434503e-02 3.258865e-01 5.08 38
3.124132e-01 1.261083e-01 3.410181e-02 1.785617e-02 1.369501e-02 1.418071e-02 3.748917e-02 1.442998e-01 3.124132e-01 3.124132e-01 9.253281e-02 3.415020e-02 1.626420e-02 1.469808e-02 1.385319e-02 3.391922e-02 1.116787e-01 3.124132e-01 3.124132e-01 2.475321e-01 8.400815e-02 3.822980e-02 2.066128e-02 1.938709e-02 3.861484e-02 1.568275e-01 3.124132e-01 3.124132e-01 1.658471e-01 5.060501e-02 3.642803e-02 2.459439e-02 2.288778e-02 4.521849e-02 1.546340e-01 3.124132e-01 5.17 39
3.228303e-01 1.200450e-01 4.534047e-02 3.322877e-02 2.153856e-02 3.198652e-02 7.949980e-02 1.377857e-01 3.228303e-01 3.228303e-01 9.670128e-02 3.006243e-02 1.605058e-02 1.351156e-02 1.707795e-02 4.751211e-02 1.261203e-01 3.228303e-01 3.228303e-01 1.734109e-01 7.351626e-02 2.970633e-02 2.566520e-02 2.492594e-02 5.166125e-02 1.258814e-01 3.228303e-01 3.228303e-01 1.220541e-01 5.990813e-02 3.135849e-02 1.981019e-02 2.218096e-02 5.058679e-02 1.168964e-01 3.228303e-01 4.83 40
3.176295e-01 1.362830e-01 5.035036e-02 1.785387e-02 1.177878e-02 1.332970e-02 4.178546e-02 1.333961e-01 3.176295e-01 3.176295e-01 1.887075e-01 8.662307e-02 3.509613e-02 2.820316e-02 2.663002e-02 4.641747e-02 1.199470e-01 3.176295e-01 3.176295e-01 1.511219e-01 5.192332e-02 2.357853e-02 1.734123e-02 1.726051e-02 3.074875e-02 1.026577e-01 3.176295e-01 3.176295e-01 1.580443e-01 7.387919e-02 3.756353e-02 2.032618e-02 3.045438e-02 5.636875e-02 1.211526e-01 3.176295e-01 6.35 41
3.172320e-01 1.631814e-01 4.372542e-02 2.484024e-02 2.133108e-02 2.659565e-02 5.425257e-02 2.125183e-01 3.172320e-01 3.172320e-01 1.229254e-01 4.019738e-02 2.084155e-02 1.854862e-02 2.293129e-02 3.208395e-02 1.087806e-01 3.172320e-01 3.172320e-01 1.155441e-01 4.376110e-02 2.439143e-02 2.100147e-02 2.119979e-02 4.948901e-02 1.854087e-01 3.172320e-01 3.172320e-01 9.880903e-02 3.788603e-02 2.058153e-02 1.841507e-02 1.971210e-02 4.235874e-02 1.336781e-01 3.172320e-01 5.35 42
3.326730e-01 1.084421e-01 2.235025e-02 9.762178e-03 9.179211e-03 1.602087e-02 3.560218e-02 1.412985e-01 3.326730e-01 3.326730e-01 1.174656e-01 3.892423e-02 2.222129e-02 1.993549e-02 2.492101e-02 4.214215e-02 1.202676e-01 3.326730e-01 3.326730e-01 8.568690e-02 1.981236e-02 1.013180e-02 9.552196e-03 1.449045e-02 3.338039e-02 1.305733e-01 3.326730e-01 3.326730e-01 1.036799e-01 3.466411e-02 2.114517e-02 1.498445e-02 1.518082e-02 2.650513e-02 8.818842e-02 3.326730e-01 4.91 43
3.036452e-01 2.033783e-01 9.283944e-02 6.593571e-02 4.416610e-02 3.535057e-02 4.080262e-02 1.197422e-01 3.036452e-01 3.036452e-01 1.598275e-01 8.914822e-02 4.639816e-02 2.468364e-02 2.195969e-02 4.134310e-02 1.290076e-01 3.036452e-01 3.036452e-01 1.611801e-01 8.334015e-02 3.926667e-02 2.588075e-02 2.589992e-02 4.172706e-02 8.288474e-02 3.036452e-01 3.036452e-01 2.302441e-01 9.986568e-02 4.831374e-02 2.960113e-02 3.430037e-02 5.761621e-02 1.366186e-01 3.036452e-01 6.8 44
3.320521e-01 1.628686e-01 3.976500e-02 1.453770e-02 9.984635e-03 1.059064e-02 2.683729e-02 1.615577e-01 3.320521e-01 3.320521e-01 1.192670e-01 5.530570e-02 3.052915e-02 2.426641e-02 1.988539e-02 4.841356e-02 1.700652e-01 3.320521e-01 3.320521e-01 5.973285e-02 2.105730e-02 2.547930e-03 1.362249e-02 2.009469e-03 1.805655e-02 5.579435e-02 3.320521e-01 3.320521e-01 2.793825e-02 1.430644e-02 8.302095e-04 1.129103e-02 1.538535e-03 1.741502e-02 5.520854e-02 3.320521e-01 6.92 45
3.229078e-01 1.358102e-01 3.964414e-02 2.054586e-02 1.671631e-02 2.625170e-02 4.820418e-02 1.619688e-01 3.229078e-01 3.229078e-01 1.020256e-01 3.337610e-02 1.500351e-02 2.309206e-02 3.221438e-02 4.906865e-02 1.291351e-01 3.229078e-01 3.229078e-01 1.676992e-01 5.047626e-02 2.565723e-02 1.897639e-02 1.996109e-02 3.756569e-02 1.266714e-01 3.229078e-01 3.229078e-01 1.299107e-01 3.764737e-02 3.158286e-02 2.132412e-02 1.813724e-02 4.332876e-02 1.094514e-01 3.229078e-01 5.02 46
3.091625e-01 1.839297e-01 6.612109e-02 3.275191e-02 3.007093e-02 3.261932e-02 6.133000e-02 1.388986e-01 3.091625e-01 3.091625e-01 1.575429e-01 5.541860e-02 3.307476e-02 2.690793e-02 3.026953e-02 6.942906e-02 1.494446e-01 3.091625e-01 3.091625e-01 1.726256e-01 6.872865e-02 3.707353e-02 4.046512e-02 3.276443e-02 5.872072e-02 1.432724e-01 3.091625e-01 3.091625e-01 1.606490e-01 7.032348e-02 4.618743e-02 2.972901e-02 2.228153e-02 4.038465e-02 1.216134e-01 3.091625e-01 5.82 47
3.289095e-01 1.505232e-01 3.424077e-02 1.763537e-02 1.586700e-02 1.611421e-02 3.782417e-02 1.548377e-01 3.289095e-01 3.289095e-01 1.335925e-01 3.544686e-02 1.870554e-02 1.807297e-02 2.538926e-02 4.769967e-02 1.209602e-01 3.289095e-01 3.289095e-01 9.382755e-02 3.832240e-02 2.321837e-02 1.931254e-02 2.133196e-02 5.194501e-02 1.148613e-01 3.289095e-01 3.289095e-01 9.905339e-02 4.710486e-02 2.368877e-02 1.646409e-02 1.774793e-02 3.373753e-02 7.288830e-02 3.289095e-01 5.75 48
3.209092e-01 1.152541e-01 3.835849e-02 1.718049e-02 1.433619e-02 1.846027e-02 5.069257e-02 1.860140e-01 3.209092e-01 3.209092e-01 1.247944e-01 3.563374e-02 1.509512e-02 1.424174e-02 1.941715e-02 4.624487e-02 1.775499e-01 3.209092e-01 3.209092e-01 1.251677e-01 4.201898e-02 2.120275e-02 1.723077e-02 1.722341e-02 3.675218e-02 1.556378e-01 3.209092e-01 3.209092e-01 1.144021e-01 3.181293e-02 1.426591e-02 1.243033e-02 1.417665e-02 2.793811e-02 1.121066e-01 3.209092e-01 5.4 49
3.256770e-01 1.119075e-01 4.300651e-02 2.141714e-02 3.303345e-02 4.735884e-02 5.014320e-02 1.218871e-01 3.256770e-01 3.256770e-01 1.037410e-01 5.594921e-02 3.976779e-02 2.487512e-02 1.707045e-02 4.345595e-02 1.469721e-01 3.256770e-01 3.256770e-01 1.447032e-01 6.020733e-02 3.858355e-02 3.413131e-02 2.660125e-02 4.697212e-02 1.225346e-01 3.256770e-01 3.256770e-01 9.962478e-02 4.119850e-02 1.604475e-02 2.921689e-02 2.695310e-02 5.977194e-02 1.178432e-01 3.256770e-01 5.75 50
3.317590e-01 9.760535e-02 2.089771e-02 1.250845e-02 9.972964e-03 1.793266e-02 3.728820e-02 1.430811e-01 3.317590e-01 3.317590e-01 1.097259e-01 3.489305e-02 1.435379e-02 1.322248e-02 1.973661e-02 4.504509e-02 1.330713e-01 3.317590e-01 3.317590e-01 1.196241e-01 3.183865e-02 1.194807e-02 1.106346e-02 1.527449e-02 2.623579e-02 1.162046e-01 3.317590e-01 3.317590e-01 9.924231e-02 3.410823e-02 1.453576e-02 1.380073e-02 1.719170e-02 2.471523e-02 1.048061e-01 3.317590e-01 5.06 51
3.200504e-01 1.359470e-01 5.196367e-02 3.327049e-02 3.042521e-02 3.531455e-02 5.411813e-02 1.660007e-01 3.200504e-01 3.200504e-01 1.276649e-01 6.564612e-02 2.742744e-02 2.221637e-02 2.694082e-02 4.011538e-02 1.324108e-01 3.200504e-01 3.200504e-01 1.373442e-01 3.777438e-02 2.114757e-02 1.526380e-02 2.566220e-02 5.408175e-02 1.294432e-01 3.200504e-01 3.200504e-01 1.385774e-01 5.851485e-02 3.835138e-02 2.251943e-02 2.241367e-02 4.323753e-02 1.248469e-01 3.200504e-01 5.72 52
3.149646e-01 1.304856e-01 5.383286e-02 2.276389e-02 3.465273e-02 3.889105e-02 6.359974e-02 1.392038e-01 3.149646e-01 3.149646e-01 1.063573e-01 4.759439e-02 1.975615e-02 2.151833e-02 2.341912e-02 5.111869e-02 1.253873e-01 3.149646e-01 3.149646e-01 2.346614e-01 9.090947e-02 4.233748e-02 3.467602e-02 3.582689e-02 4.559315e-02 1.104192e-01 3.149646e-01 3.149646e-01 1.431124e-01 5.478799e-02 2.272991e-02 2.145572e-02 2.133948e-02 4.836567e-02 1.317227e-01 3.149646e-01 5.73 53
3.281275e-01 1.405277e-01 3.945038e-02 2.083637e-02 1.934278e-02 1.670528e-02 2.616824e-02 1.069022e-01 3.281275e-01 3.281275e-01 9.925384e-02 2.981376e-02 1.298867e-02 2.071400e-02 2.229144e-02 3.309413e-02 1.031415e-01 3.281275e-01 3.281275e-01 1.293313e-01 4.701330e-02 2.956398e-02 2.544975e-02 2.574800e-02 4.304854e-02 1.474802e-01 3.281275e-01 3.281275e-01 1.283320e-01 4.190743e-02 2.085333e-02 2.139041e-02 2.338583e-02 3.814281e-02 1.214127e-01 3.281275e-01 6.68 54
3.187626e-01 1.374593e-01 5.242200e-02 2.861896e-02 2.350418e-02 2.500515e-02 4.983752e-02 1.506365e-01 3.187626e-01 3.187626e-01 1.153712e-01 5.426973e-02 3.081786e-02 2.689250e-02 3.018961e-02 4.572903e-02 1.123592e-01 3.187626e-01 3.187626e-01 1.883904e-01 5.836011e-02 3.064564e-02 2.484662e-02 2.453584e-02 3.477283e-02 1.230200e-01 3.187626e-01 3.187626e-01 1.475096e-01 4.236009e-02 2.794847e-02 2.451664e-02 3.016740e-02 5.361956e-02 1.365023e-01 3.187626e-01 6.34 55
3.091186e-01 1.662327e-01 4.198131e-02 2.213700e-02 1.819112e-02 2.207933e-02 4.658955e-02 2.101830e-01 3.091186e-01 3.091186e-01 9.509748e-02 2.886703e-02 1.905360e-02 1.936090e-02 2.602716e-02 5.695179e-02 1.795857e-01 3.091186e-01 3.091186e-01 2.172495e-01 4.624107e-02 2.127802e-02 1.909394e-02 1.945297e-02 3.735433e-02 1.380519e-01 3.091186e-01 3.091186e-01 1.532232e-01 6.004770e-02 2.781449e-02 2.362732e-02 2.138957e-02 2.990927e-02 1.047604e-01 3.091186e-01 6.54 56
3.078011e-01 2.070540e-01 5.735658e-02 2.865569e-02 1.931188e-02 2.216068e-02 4.552966e-02 1.567801e-01 3.078011e-01 3.078011e-01 1.593059e-01 4.887692e-02 2.448335e-02 2.016921e-02 2.196721e-02 4.950523e-02 1.416796e-01 3.078011e-01 3.078011e-01 1.558307e-01 5.170935e-02 2.514869e-02 2.037378e-02 2.523748e-02 5.216383e-02 1.780591e-01 3.078011e-01 3.078011e-01 1.709667e-01 5.854452e-02 2.779397e-02 1.796644e-02 2.212853e-02 4.172465e-02 1.293728e-01 3.078011e-01 5.96 57
2.950987e-01 1.941333e-01 5.912045e-02 3.794087e-02 3.823027e-02 4.294503e-02 6.709559e-02 1.533788e-01 2.950987e-01 2.950987e-01 1.297687e-01 5.815545e-02 3.191784e-02 3.241219e-02 3.584579e-02 6.025771e-02 1.152251e-01 2.950987e-01 2.950987e-01 2.655670e-01 8.720826e-02 5.073078e-02 4.243631e-02 4.709597e-02 7.811910e-02 1.432294e-01 2.950987e-01 2.950987e-01 2.126594e-01 5.539144e-02 3.789331e-02 4.001247e-02 4.987303e-02 7.105320e-02 1.367062e-01 2.950987e-01 5.53 58
3.031784e-01 1.459484e-01 5.797949e-02 3.335252e-02 3.376354e-02 4.525977e-02 8.696702e-02 2.301764e-01 3.031784e-01 3.031784e-01 1.079960e-01 4.716325e-02 3.079564e-02 3.775348e-02 4.544482e-02 7.627422e-02 1.951514e-01 3.031784e-01 3.031784e-01 1.872426e-01 6.997148e-02 3.335117e-02 3.110571e-02 3.692754e-02 5.857902e-02 1.519971e-01 3.031784e-01 3.031784e-01 1.263386e-01 5.052942e-02 3.581344e-02 3.412895e-02 3.416676e-02 5.283749e-02 1.344292e-01 3.031784e-01 6.09 59
3.188346e-01 1.357214e-01 3.803091e-02 1.925756e-02 1.700782e-02 2.176880e-02 4.186370e-02 1.517828e-01 3.188346e-01 3.188346e-01 1.156928e-01 4.485428e-02 2.618006e-02 2.412740e-02 3.758658e-02 6.179334e-02 1.454098e-01 3.188346e-01 3.188346e-01 1.678251e-01 4.977186e-02 3.443211e-02 3.142946e-02 3.535408e-02 5.396890e-02 1.474122e-01 3.188346e-01 3.188346e-01 1.144602e-01 4.090139e-02 3.330427e-02 3.375927e-02 4.045914e-02 6.051191e-02 1.299788e-01 3.188346e-01 5.44 60
3.266150e-01 1.562505e-01 5.889872e-02 3.149730e-02 2.405668e-02 2.749255e-02 5.133758e-02 1.630154e-01 3.266150e-01 3.266150e-01 1.458337e-01 4.823966e-02 3.006832e-02 2.567123e-02 3.087828e-02 5.746505e-02 1.761822e-01 3.266150e-01 3.266150e-01 1.417413e-01 4.900898e-02 2.585764e-02 2.557030e-02 2.255742e-02 5.047112e-02 1.670611e-01 3.266150e-01 2.778471e-01 8.542401e-02 4.335168e-02 2.483572e-02 1.913247e-02 1.474364e-02 3.219353e-02 9.009372e-02 2.975777e-01 5.43 61
3.063842e-01 2.037836e-01 5.865767e-02 4.160767e-02 3.362541e-02 3.400601e-02 6.054218e-02 1.467565e-01 3.063842e-01 3.063842e-01 1.125838e-01 4.598592e-02 3.267508e-02 3.452659e-02 2.373808e-02 3.659444e-02 8.896628e-02 3.063842e-01 3.063842e-01 2.137073e-01 1.034494e-01 4.821773e-02 3.772801e-02 2.995298e-02 4.368426e-02 1.095140e-01 3.063842e-01 3.063842e-01 2.119304e-01 7.953055e-02 4.325128e-02 3.358679e-02 2.724231e-02 4.314799e-02 1.273197e-01 3.063842e-01 5.15 62
3.200032e-01 1.366303e-01 3.943106e-02 2.102934e-02 1.710955e-02 2.125406e-02 4.463467e-02 1.664199e-01 3.200032e-01 3.200032e-01 1.056036e-01 4.101182e-02 2.721901e-02 1.724135e-02 2.221905e-02 4.257350e-02 1.506818e-01 3.200032e-01 3.200032e-01 1.796830e-01 4.809779e-02 2.044355e-02 1.356200e-02 1.690070e-02 3.987972e-02 1.489872e-01 3.200032e-01 3.200032e-01 1.300989e-01 4.855165e-02 2.721618e-02 1.789316e-02 1.958345e-02 3.227095e-02 9.879046e-02 3.200032e-01 5.37 63
3.148104e-01 1.362682e-01 5.152579e-02 2.479820e-02 2.686210e-02 3.040158e-02 6.183357e-02 1.625231e-01 3.148104e-01 3.148104e-01 1.141658e-01 4.277584e-02 3.461093e-02 3.443183e-02 3.357922e-02 7.689985e-02 1.624188e-01 3.148104e-01 3.148104e-01 1.512721e-01 5.194107e-02 2.569171e-02 2.641591e-02 2.911879e-02 5.364958e-02 1.500344e-01 3.148104e-01 3.148104e-01 1.516088e-01 6.526428e-02 3.200896e-02 2.615650e-02 3.125802e-02 4.705430e-02 1.320792e-01 3.148104e-01 6.22 64
3.153770e-01 1.291323e-01 3.646415e-02 2.126378e-02 2.031290e-02 2.265825e-02 5.698342e-02 1.790807e-01 3.153770e-01 3.153770e-01 1.063068e-01 4.565579e-02 2.425812e-02 2.680762e-02 3.158170e-02 6.580056e-02 1.459756e-01 3.153770e-01 3.153770e-01 1.895440e-01 5.875288e-02 2.517760e-02 1.913520e-02 1.929310e-02 3.696793e-02 1.089618e-01 3.153770e-01 3.153770e-01 1.776309e-01 6.724411e-02 3.030565e-02 2.595039e-02 2.373953e-02 4.902985e-02 1.168142e-01 3.153770e-01 6.62 65
3.188672e-01 1.474128e-01 4.289287e-02 2.162043e-02 1.961756e-02 2.442045e-02 4.651086e-02 1.595592e-01 3.188672e-01 3.188672e-01 1.033698e-01 4.594907e-02 3.088735e-02 2.494576e-02 4.587578e-02 6.913362e-02 1.716117e-01 3.188672e-01 3.188672e-01 1.638287e-01 5.817826e-02 3.966088e-02 2.680074e-02 2.424737e-02 4.889102e-02 1.493502e-01 3.188672e-01 3.188672e-01 1.019017e-01 5.544948e-02 4.006713e-02 2.594227e-02 2.306913e-02 3.812926e-02 8.785117e-02 3.188672e-01 6.34 66
3.142171e-01 1.412441e-01 5.955305e-02 3.372619e-02 2.863034e-02 3.321839e-02 5.679907e-02 1.361273e-01 3.142171e-01 3.142171e-01 1.046708e-01 3.620157e-02 2.994111e-02 2.669929e-02 2.986965e-02 5.937041e-02 1.203991e-01 3.142171e-01 3.142171e-01 1.626303e-01 6.966600e-02 3.322430e-02 3.294909e-02 3.214720e-02 5.660170e-02 1.924857e-01 3.142171e-01 3.142171e-01 1.709989e-01 6.968407e-02 3.235016e-02 2.123740e-02 2.212241e-02 3.969944e-02 1.288369e-01 3.142171e-01 5.6 67
3.059691e-01 1.704432e-01 5.105735e-02 1.884356e-02 1.818808e-02 2.254938e-02 5.044192e-02 1.429057e-01 3.059691e-01 3.059691e-01 1.455268e-01 4.460673e-02 1.971528e-02 1.801857e-02 2.265759e-02 5.369867e-02 1.492800e-01 3.059691e-01 3.059691e-01 1.828274e-01 6.965790e-02 3.843641e-02 2.635952e-02 2.691129e-02 6.918067e-02 2.060283e-01 3.059691e-01 3.059691e-01 1.502677e-01 5.096246e-02 2.421078e-02 2.426643e-02 2.540693e-02 5.198367e-02 1.660517e-01 3.059691e-01 5.98 68
3.072346e-01 1.838989e-01 6.021563e-02 3.316553e-02 3.665022e-02 2.995261e-02 5.493765e-02 1.541187e-01 3.072346e-01 3.072346e-01 2.007117e-01 5.600651e-02 2.977233e-02 2.701713e-02 2.961772e-02 6.602520e-02 1.835512e-01 3.072346e-01 3.072346e-01 1.514759e-01 5.464967e-02 2.626661e-02 3.116155e-02 3.296405e-02 6.621189e-02 1.819345e-01 3.072346e-01 3.072346e-01 1.035707e-01 3.997771e-02 2.318297e-02 2.162032e-02 1.859516e-02 3.810025e-02 1.097376e-01 3.072346e-01 5.67 69
3.295189e-01 1.399856e-01 4.662967e-02 1.593802e-02 1.659534e-02 1.539808e-02 2.765552e-02 7.918174e-02 3.295189e-01 3.295189e-01 8.317224e-02 3.246961e-02 2.213323e-02 3.372016e-02 3.343407e-02 5.527432e-02 9.274558e-02 3.295189e-01 3.295189e-01 1.624665e-01 5.737958e-02 3.650287e-02 2.255079e-02 1.980551e-02 4.309747e-02 1.369691e-01 3.295189e-01 3.295189e-01 1.185881e-01 5.582800e-02 4.966226e-02 3.976110e-02 2.206539e-02 2.797635e-02 6.600972e-02 3.295189e-01 7.1 70
3.075689e-01 1.790847e-01 5.881191e-02 2.864082e-02 2.617661e-02 2.285711e-02 5.117645e-02 1.402465e-01 3.075689e-01 3.075689e-01 1.502693e-01 4.994401e-02 2.584025e-02 2.548042e-02 2.820611e-02 5.662292e-02 1.341295e-01 3.075689e-01 3.075689e-01 1.858516e-01 5.731647e-02 3.708629e-02 2.981877e-02 2.666433e-02 5.520011e-02 1.599074e-01 3.075689e-01 3.075689e-01 1.605554e-01 5.749598e-02 3.500433e-02 2.587547e-02 2.916534e-02 6.200543e-02 1.728774e-01 3.075689e-01 3.42 71
3.115410e-01 1.731520e-01 4.271318e-02 1.962422e-02 1.627871e-02 1.987195e-02 5.859397e-02 1.527697e-01 3.115410e-01 3.115410e-01 8.543776e-02 3.238065e-02 2.267151e-02 2.436155e-02 2.059169e-02 5.754516e-02 1.160329e-01 3.115410e-01 3.115410e-01 1.862925e-01 5.785745e-02 2.795763e-02 2.399936e-02 1.967717e-02 5.161402e-02 1.592432e-01 3.115410e-01 3.115410e-01 1.950836e-01 7.075686e-02 3.146214e-02 3.103317e-02 2.997271e-02 5.467217e-02 1.433028e-01 3.115410e-01 5.47 72
2.962321e-01 1.830892e-01 8.102733e-02 4.497170e-02 4.346696e-02 5.329875e-02 8.519375e-02 2.476927e-01 2.962321e-01 2.962321e-01 1.301604e-01 7.180846e-02 3.731887e-02 4.027985e-02 3.857448e-02 6.477007e-02 1.773935e-01 2.962321e-01 2.962321e-01 1.948379e-01 7.555491e-02 4.525678e-02 4.565116e-02 4.986219e-02 7.859236e-02 1.847991e-01 2.962321e-01 2.962321e-01 1.074062e-01 5.556199e-02 3.474253e-02 3.244801e-02 3.532568e-02 5.195719e-02 9.386676e-02 2.962321e-01 5.26 73
2.240891e-01 1.826971e-01 1.294967e-01 4.320334e-02 1.387073e-01 1.109595e-01 1.764097e-01 2.240891e-01 2.240891e-01 2.021405e-01 2.020658e-01 1.453540e-01 5.835355e-02 1.182710e-01 9.464104e-02 1.713063e-01 2.096741e-01 2.240891e-01 2.240891e-01 1.747617e-01 1.407035e-01 7.639115e-02 1.156506e-01 6.135393e-02 1.630386e-01 2.222841e-01 2.240891e-01 2.240891e-01 1.925710e-01 1.127308e-01 4.085020e-02 1.085409e-01 4.388924e-02 1.307110e-01 2.225954e-01 2.240891e-01 5.02 74
3.240563e-01 1.410487e-01 5.178026e-02 1.943397e-02 1.518124e-02 1.272431e-02 3.343320e-02 8.690949e-02 3.240563e-01 3.240563e-01 1.158901e-01 4.506135e-02 1.883179e-02 1.428770e-02 1.962277e-02 6.058321e-02 2.124251e-01 3.240563e-01 3.240563e-01 1.675849e-01 5.351914e-02 2.962406e-02 2.117191e-02 3.074031e-02 5.795972e-02 1.688455e-01 3.240563e-01 3.112713e-01 1.295490e-01 8.109117e-02 4.494017e-02 3.226290e-02 3.048785e-02 5.243470e-02 9.831061e-02 2.663965e-01 6.98 75
3.143036e-01 2.089431e-01 6.284846e-02 3.729027e-02 3.195497e-02 3.248788e-02 5.045028e-02 1.212071e-01 3.143036e-01 3.143036e-01 1.139936e-01 4.515876e-02 3.045701e-02 2.884552e-02 2.709741e-02 3.324284e-02 9.453972e-02 3.143036e-01 3.143036e-01 1.502357e-01 6.300451e-02 3.230171e-02 2.475651e-02 2.150777e-02 3.469883e-02 1.218924e-01 3.143036e-01 3.143036e-01 1.968731e-01 8.211134e-02 4.602500e-02 3.418615e-02 3.491632e-02 4.951832e-02 1.290113e-01 3.143036e-01 4.74 76
3.423136e-01 9.349954e-02 2.452130e-02 4.504947e-04 1.345466e-02 1.434314e-04 2.678096e-02 1.009563e-01 3.423136e-01 3.423136e-01 1.048887e-01 3.502088e-02 6.715646e-04 1.990142e-02 2.245639e-04 2.255408e-02 4.618870e-02 3.423136e-01 3.423136e-01 8.623540e-02 2.666917e-02 7.695624e-04 2.610284e-02 2.161544e-04 1.954882e-02 4.998931e-02 3.423136e-01 3.423136e-01 8.561163e-02 3.187180e-02 5.904369e-04 2.342889e-02 3.848122e-04 2.798675e-02 7.403588e-02 3.423136e-01 4.94 77
2.765560e-01 1.902999e-01 7.529812e-02 4.732687e-02 3.284739e-02 4.002069e-02 8.323242e-02 2.006187e-01 2.765560e-01 2.765560e-01 1.663501e-01 7.307961e-02 4.283939e-02 4.561531e-02 6.046395e-02 1.075880e-01 2.216613e-01 2.765560e-01 2.765560e-01 2.107295e-01 8.278358e-02 4.879813e-02 4.205745e-02 4.314381e-02 7.627417e-02 1.827326e-01 2.765560e-01 2.765560e-01 2.133915e-01 1.142444e-01 8.152046e-02 5.405125e-02 5.160740e-02 7.488009e-02 1.412617e-01 2.765560e-01 4.91 78
3.173119e-01 1.395969e-01 4.762597e-02 2.954186e-02 2.518621e-02 3.559155e-02 6.367575e-02 1.835372e-01 3.173119e-01 3.173119e-01 9.815547e-02 2.805609e-02 1.414342e-02 1.942438e-02 2.636829e-02 4.213900e-02 1.218146e-01 3.173119e-01 3.173119e-01 1.630407e-01 5.055867e-02 2.637329e-02 2.626672e-02 3.163885e-02 5.201098e-02 1.543736e-01 3.173119e-01 3.173119e-01 1.572697e-01 5.391573e-02 2.252051e-02 1.596074e-02 1.921961e-02 3.482292e-02 1.260179e-01 3.173119e-01 5.94 79
3.097972e-01 1.757431e-01 5.736362e-02 1.834857e-02 2.664541e-02 2.933192e-02 5.604143e-02 1.425645e-01 3.097972e-01 3.097972e-01 1.543943e-01 7.925705e-02 3.048330e-02 2.719950e-02 2.943522e-02 3.902873e-02 1.084947e-01 3.097972e-01 3.097972e-01 1.908957e-01 5.055018e-02 3.120383e-02 2.896545e-02 2.462138e-02 6.513546e-02 1.854149e-01 3.097972e-01 3.097972e-01 1.161392e-01 4.561362e-02 3.481363e-02 3.230040e-02 3.482258e-02 8.960930e-02 1.400145e-01 3.097972e-01 6.94 80
2.882282e-01 1.898346e-01 8.077411e-02 4.884947e-02 4.097721e-02 4.362515e-02 8.242957e-02 1.866468e-01 2.882282e-01 2.882282e-01 1.534524e-01 6.515843e-02 4.023290e-02 4.369221e-02 5.902949e-02 8.587575e-02 2.091750e-01 2.882282e-01 2.882282e-01 2.027879e-01 8.136144e-02 4.075443e-02 4.065755e-02 5.178228e-02 8.809158e-02 1.827137e-01 2.882282e-01 2.882282e-01 1.755851e-01 9.381931e-02 5.078374e-02 4.007061e-02 3.875586e-02 5.816054e-02 1.253620e-01 2.882282e-01 5.6 81
3.166248e-01 1.350988e-01 5.067375e-02 2.439681e-02 2.492877e-02 2.481696e-02 4.908735e-02 1.462083e-01 3.166248e-01 3.166248e-01 1.457285e-01 5.220449e-02 2.532735e-02 2.706387e-02 3.288047e-02 6.060852e-02 1.515387e-01 3.166248e-01 3.166248e-01 1.549029e-01 5.633135e-02 2.909161e-02 2.553620e-02 2.684050e-02 3.857261e-02 1.277174e-01 3.166248e-01 3.166248e-01 1.570748e-01 6.649344e-02 3.579205e-02 2.354445e-02 2.225868e-02 4.518100e-02 1.335808e-01 3.166248e-01 4.56 82
3.256174e-01 1.198793e-01 2.670882e-02 1.767473e-02 2.157377e-02 2.105585e-02 4.852874e-02 1.744908e-01 3.256174e-01 3.256174e-01 1.309812e-01 5.628884e-02 2.957476e-02 2.318217e-02 1.870170e-02 5.063995e-02 1.673028e-01 3.256174e-01 3.256174e-01 1.394353e-01 4.380939e-02 1.945846e-02 2.121200e-02 1.772088e-02 3.887843e-02 1.484072e-01 3.256174e-01 3.256174e-01 1.012426e-01 3.653360e-02 1.495695e-02 2.107622e-02 1.248222e-02 3.314980e-02 8.326470e-02 2.993050e-01 6.18 83
3.175466e-01 1.440251e-01 4.693935e-02 2.205130e-02 2.046194e-02 1.867100e-02 4.564006e-02 1.372047e-01 3.175466e-01 3.175466e-01 1.121476e-01 4.440418e-02 2.005512e-02 1.720886e-02 2.795953e-02 6.987647e-02 1.335812e-01 3.175466e-01 3.175466e-01 1.924215e-01 5.501380e-02 2.247882e-02 2.885119e-02 2.539000e-02 4.642984e-02 1.354227e-01 3.175466e-01 3.175466e-01 1.672782e-01 7.700572e-02 3.638155e-02 4.005514e-02 2.597344e-02 4.107278e-02 8.784886e-02 3.175466e-01 6.41 84
2.685882e-01 1.423893e-01 5.641298e-02 3.150340e-02 2.872507e-02 3.344104e-02 5.213074e-02 1.253648e-01 2.692418e-01 2.919013e-01 2.114001e-01 7.388160e-02 4.280978e-02 4.326713e-02 5.272147e-02 9.499203e-02 2.601435e-01 2.919013e-01 2.919013e-01 1.837071e-01 7.462440e-02 4.339856e-02 4.468168e-02 4.766405e-02 7.622452e-02 2.142269e-01 2.919013e-01 2.919013e-01 1.785483e-01 7.051965e-02 4.179094e-02 5.536316e-02 3.827453e-02 5.622287e-02 1.500352e-01 2.919013e-01 4.97 85
3.195372e-01 1.834439e-01 4.388128e-02 1.894367e-02 1.425071e-02 1.613605e-02 3.889151e-02 1.472893e-01 3.195372e-01 3.195372e-01 1.269832e-01 4.416488e-02 2.574954e-02 2.460319e-02 1.993632e-02 2.865090e-02 9.615891e-02 3.195372e-01 3.195372e-01 1.386261e-01 4.721472e-02 2.890419e-02 2.935119e-02 2.425470e-02 4.578491e-02 1.363841e-01 3.195372e-01 3.195372e-01 1.522982e-01 7.486114e-02 2.822610e-02 2.048607e-02 1.909137e-02 3.074101e-02 1.341617e-01 3.195372e-01 5.83 86
3.173555e-01 1.364700e-01 4.523645e-02 2.047200e-02 2.764338e-02 2.699371e-02 4.437418e-02 1.246743e-01 3.173555e-01 3.173555e-01 1.489643e-01 4.531438e-02 2.427085e-02 4.037258e-02 3.910621e-02 5.191149e-02 1.220801e-01 3.173555e-01 3.173555e-01 1.572604e-01 4.043042e-02 1.546017e-02 1.449798e-02 1.716918e-02 3.825850e-02 1.238675e-01 3.173555e-01 3.173555e-01 1.870451e-01 6.386177e-02 1.980548e-02 1.818011e-02 1.976211e-02 3.812315e-02 1.518243e-01 3.173555e-01 6.58 87
3.153251e-01 2.045228e-01 5.777743e-02 2.480175e-02 2.270859e-02 2.902337e-02 5.139087e-02 1.348076e-01 3.153251e-01 3.153251e-01 1.185703e-01 3.702127e-02 2.327578e-02 2.194876e-02 2.336587e-02 4.523209e-02 1.298765e-01 3.153251e-01 3.153251e-01 1.959489e-01 6.068521e-02 3.282687e-02 2.587997e-02 2.963001e-02 5.461010e-02 1.520973e-01 3.153251e-01 3.153251e-01 1.144316e-01 4.114296e-02 2.469790e-02 2.208389e-02 2.091810e-02 3.956665e-02 1.094744e-01 3.153251e-01 6.24 88
2.994696e-01 1.767341e-01 7.202528e-02 3.747847e-02 3.615060e-02 4.052364e-02 6.643398e-02 1.639227e-01 2.994696e-01 2.994696e-01 1.344218e-01 6.445280e-02 4.413921e-02 4.873756e-02 5.831469e-02 9.002291e-02 1.905351e-01 2.994696e-01 2.994696e-01 1.779713e-01 8.617312e-02 3.932248e-02 2.666510e-02 2.674863e-02 4.370368e-02 1.365261e-01 2.994696e-01 2.994696e-01 2.014139e-01 1.174139e-01 5.000680e-02 3.386774e-02 2.805013e-02 4.555248e-02 1.124415e-01 2.994696e-01 5.84 89
3.089681e-01 1.266719e-01 5.421947e-02 2.408778e-02 2.086839e-02 3.751033e-02 7.549932e-02 2.393445e-01 3.089681e-01 3.089681e-01 1.073681e-01 3.486362e-02 2.210358e-02 2.222961e-02 3.793597e-02 6.691811e-02 1.946900e-01 3.089681e-01 3.089681e-01 1.483908e-01 4.404202e-02 2.128421e-02 1.834616e-02 3.675541e-02 7.038018e-02 1.734310e-01 3.089681e-01 3.089681e-01 1.203164e-01 4.909577e-02 2.376468e-02 2.055859e-02 2.882082e-02 4.335371e-02 1.124813e-01 3.089681e-01 5.45 90
3.203198e-01 1.405706e-01 5.083574e-02 2.441118e-02 1.672860e-02 1.505879e-02 3.662372e-02 1.561599e-01 3.203198e-01 3.203198e-01 9.614538e-02 3.807099e-02 2.428669e-02 2.433435e-02 1.996243e-02 3.841342e-02 1.215529e-01 3.203198e-01 3.203198e-01 1.903906e-01 6.343606e-02 3.013886e-02 2.817635e-02 3.627073e-02 5.268046e-02 1.544674e-01 3.203198e-01 3.203198e-01 1.277491e-01 3.619780e-02 2.516731e-02 2.476020e-02 2.275649e-02 3.342025e-02 1.050028e-01 3.203198e-01 5.42 91
2.944654e-01 1.940726e-01 6.812508e-02 3.706758e-02 4.615884e-02 4.866849e-02 6.644866e-02 1.654747e-01 2.944654e-01 2.944654e-01 1.606613e-01 6.453887e-02 3.646228e-02 3.058248e-02 4.451620e-02 8.594648e-02 1.803246e-01 2.944654e-01 2.944654e-01 2.288122e-01 7.932349e-02 4.868905e-02 4.113641e-02 5.774297e-02 7.781252e-02 2.055596e-01 2.944654e-01 2.944654e-01 1.246790e-01 5.709059e-02 3.101726e-02 2.567111e-02 3.467292e-02 5.194017e-02 1.163549e-01 2.944654e-01 5.21 92
3.234831e-01 1.351715e-01 3.480906e-02 1.527891e-02 1.443345e-02 2.051528e-02 3.987106e-02 1.308321e-01 3.234831e-01 3.234831e-01 9.958220e-02 2.883651e-02 1.448626e-02 1.687167e-02 2.509972e-02 4.412134e-02 1.196434e-01 3.234831e-01 3.234831e-01 1.450337e-01 4.051893e-02 1.703066e-02 1.430785e-02 1.759581e-02 4.160751e-02 1.738750e-01 3.234831e-01 3.234831e-01 1.336191e-01 4.911868e-02 2.105032e-02 2.043074e-02 2.392076e-02 4.376028e-02 1.289323e-01 3.234831e-01 6.45 93
3.183753e-01 1.429263e-01 3.622662e-02 2.976043e-02 2.937645e-02 3.140145e-02 7.077932e-02 1.592081e-01 3.183753e-01 3.183753e-01 1.214087e-01 4.089549e-02 2.663550e-02 2.663145e-02 4.952545e-02 8.609425e-02 1.627971e-01 3.183753e-01 3.183753e-01 1.462844e-01 4.179230e-02 2.544755e-02 2.633519e-02 3.356706e-02 5.914501e-02 1.617461e-01 3.183753e-01 3.183753e-01 8.387856e-02 3.049150e-02 1.865820e-02 2.699253e-02 2.592825e-02 4.457228e-02 1.144164e-01 3.183753e-01 4.86 94
2.347064e-01 1.189416e-01 6.018288e-02 3.358715e-02 3.410821e-02 3.360880e-02 6.582923e-02 1.333031e-01 2.227519e-01 2.854027e-01 2.366914e-01 1.039499e-01 6.521839e-02 5.874546e-02 5.689514e-02 1.161488e-01 2.649963e-01 2.854027e-01 2.854027e-01 1.799389e-01 8.944751e-02 4.751571e-02 4.235242e-02 5.665199e-02 9.538210e-02 1.996040e-01 2.854027e-01 2.854027e-01 2.204347e-01 1.102523e-01 7.044534e-02 5.812414e-02 5.685579e-02 8.553480e-02 1.599162e-01 2.854027e-01 3.98 95
3.180210e-01 1.372402e-01 3.916250e-02 1.659861e-02 1.580128e-02 2.334376e-02 5.346431e-02 1.611605e-01 3.180210e-01 3.180210e-01 1.521257e-01 4.982803e-02 1.966273e-02 1.392260e-02 2.575664e-02 5.540087e-02 1.609994e-01 3.180210e-01 3.180210e-01 1.374498e-01 3.524625e-02 1.958959e-02 1.828174e-02 1.829862e-02 4.501240e-02 1.507428e-01 3.180210e-01 3.180210e-01 1.484175e-01 4.332209e-02 1.975060e-02 2.077606e-02 1.896013e-02 3.438547e-02 1.121020e-01 3.180210e-01 4.1 96
3.149051e-01 1.868896e-01 5.846856e-02 2.828441e-02 2.741017e-02 2.943155e-02 4.949482e-02 1.358995e-01 3.149051e-01 3.149051e-01 1.580010e-01 4.826197e-02 2.194306e-02 2.357768e-02 2.739541e-02 5.003966e-02 1.514254e-01 3.149051e-01 3.149051e-01 1.971511e-01 6.262134e-02 3.206128e-02 3.003113e-02 3.309287e-02 5.155193e-02 1.356706e-01 3.149051e-01 3.149051e-01 1.072286e-01 3.788313e-02 2.040488e-02 2.205515e-02 2.029869e-02 4.015386e-02 9.583417e-02 3.126053e-01 5.95 97
3.094145e-01 1.348909e-01 5.595398e-02 3.091656e-02 2.417806e-02 2.813017e-02 7.551996e-02 1.967859e-01 3.094145e-01 3.094145e-01 1.412411e-01 5.536933e-02 2.895877e-02 2.603797e-02 3.251739e-02 5.314235e-02 1.551179e-01 3.094145e-01 3.094145e-01 1.721358e-01 6.949906e-02 3.897248e-02 3.381799e-02 2.253768e-02 5.698604e-02 1.339417e-01 3.094145e-01 3.094145e-01 1.612264e-01 5.301650e-02 3.636555e-02 4.062153e-02 3.694871e-02 5.536490e-02 1.360635e-01 3.094145e-01 5.51 98
3.162853e-01 1.139675e-01 2.252124e-02 9.891703e-03 1.043658e-02 1.475689e-02 3.063875e-02 1.176310e-01 3.162853e-01 3.162853e-01 9.639528e-02 2.517277e-02 1.383956e-02 1.406541e-02 1.981588e-02 7.341480e-02 1.345587e-01 3.162853e-01 3.162853e-01 2.360407e-01 5.334742e-02 1.917667e-02 1.774075e-02 2.439003e-02 5.263894e-02 1.690266e-01 3.162853e-01 3.162853e-01 1.469091e-01 3.947502e-02 2.006115e-02 1.858282e-02 2.340162e-02 4.986779e-02 1.367721e-01 3.162853e-01 6.44 99
3.076538e-01 1.937144e-01 6.390429e-02 6.289351e-02 3.882300e-02 2.734935e-02 5.735423e-02 1.337202e-01 3.076538e-01 3.076538e-01 1.401640e-01 5.185642e-02 2.637730e-02 2.176626e-02 2.982030e-02 6.728335e-02 1.196893e-01 3.076538e-01 3.076538e-01 1.682039e-01 7.450039e-02 3.669208e-02 3.130991e-02 3.197474e-02 5.394554e-02 1.361842e-01 3.076538e-01 3.076538e-01 1.887455e-01 6.954218e-02 3.870803e-02 3.185599e-02 3.270771e-02 5.647849e-02 1.570806e-01 3.076538e-01 7.09 100
3.257910e-01 1.192292e-01 3.625545e-02 1.916166e-02 2.352587e-02 2.848532e-02 5.394379e-02 1.800873e-01 3.257910e-01 3.257910e-01 1.116324e-01 3.318744e-02 1.188054e-02 1.347424e-02 1.997140e-02 4.473740e-02 1.369646e-01 3.257910e-01 3.257910e-01 1.522625e-01 3.128916e-02 2.057830e-02 2.473408e-02 2.932864e-02 5.136610e-02 1.360743e-01 3.257910e-01 3.257910e-01 8.747092e-02 2.397388e-02 1.925240e-02 1.927898e-02 1.622844e-02 2.647818e-02 7.801618e-02 3.257910e-01 5.95 101
3.335594e-01 2.029714e-01 4.956713e-02 2.340631e-02 1.632682e-02 2.921889e-02 5.493373e-02 1.540981e-01 3.335594e-01 3.335594e-01 9.064365e-02 5.589513e-02 3.413831e-02 2.415224e-02 2.488414e-02 5.031209e-02 1.938041e-01 3.335594e-01 3.335594e-01 5.117127e-02 9.891517e-03 2.453754e-03 5.710476e-03 3.881150e-03 1.591144e-02 5.316600e-02 3.335594e-01 2.799521e-01 1.475810e-02 4.905971e-03 1.160852e-03 5.095713e-03 5.270745e-03 2.469098e-02 1.007497e-01 3.335594e-01 6.49 102
3.013350e-01 1.881237e-01 7.984384e-02 3.812331e-02 2.258045e-02 3.008153e-02 7.332739e-02 2.123732e-01 3.013350e-01 3.013350e-01 1.152628e-01 4.261557e-02 2.549367e-02 2.661632e-02 4.173675e-02 9.321216e-02 1.564348e-01 3.013350e-01 3.013350e-01 2.327566e-01 8.500151e-02 4.353433e-02 3.179412e-02 3.704832e-02 6.404742e-02 1.775269e-01 3.013350e-01 3.013350e-01 1.034323e-01 5.296315e-02 3.678745e-02 2.888950e-02 2.894838e-02 4.296285e-02 8.619385e-02 3.013350e-01 6.55 103
3.218912e-01 1.521243e-01 3.529629e-02 4.432585e-03 1.994958e-02 3.829518e-03 3.459526e-02 1.351177e-01 3.218912e-01 3.218912e-01 2.055283e-01 5.098033e-02 5.995695e-03 2.033512e-02 3.862744e-03 3.439509e-02 1.026600e-01 3.218912e-01 3.218912e-01 1.232289e-01 3.997679e-02 3.231285e-03 5.114247e-02 4.468232e-03 4.562716e-02 1.052561e-01 3.218912e-01 3.218912e-01 1.326986e-01 5.879482e-02 7.653537e-03 4.810688e-02 8.807883e-03 4.834626e-02 1.065063e-01 3.218912e-01 5.99 104
3.040127e-01 1.783869e-01 4.688533e-02 2.345399e-02 2.495480e-02 2.861953e-02 6.329328e-02 2.096563e-01 3.040127e-01 3.040127e-01 1.365929e-01 5.106085e-02 2.785931e-02 2.853364e-02 3.204693e-02 7.097106e-02 1.671205e-01 3.040127e-01 3.040127e-01 1.791408e-01 5.571747e-02 3.046482e-02 2.979475e-02 3.183856e-02 6.262504e-02 1.660314e-01 3.040127e-01 3.040127e-01 1.596435e-01 7.116432e-02 3.760165e-02 2.976355e-02 3.361644e-02 5.096059e-02 1.170341e-01 3.040127e-01 6.73 105
3.263815e-01 1.391893e-01 5.924981e-02 4.060470e-02 3.656931e-02 4.117185e-02 9.422960e-02 2.043684e-01 3.263815e-01 3.263815e-01 1.314114e-01 4.880395e-02 2.903647e-02 2.626426e-02 2.881322e-02 5.412143e-02 1.760341e-01 3.263815e-01 3.263815e-01 1.843318e-01 4.673469e-02 2.179977e-02 3.113965e-02 3.699461e-02 5.517721e-02 1.941996e-01 3.263815e-01 2.546868e-01 6.960580e-02 2.407961e-02 8.898592e-03 1.562987e-02 1.479161e-02 2.482870e-02 7.662574e-02 2.639203e-01 6.15 106
3.195319e-01 1.200147e-01 5.089426e-02 3.781946e-02 4.589474e-02 5.236515e-02 8.278418e-02 1.890357e-01 3.195319e-01 3.195319e-01 1.093485e-01 4.471916e-02 2.672206e-02 2.252045e-02 3.246455e-02 6.314320e-02 1.642725e-01 3.195319e-01 3.195319e-01 1.158359e-01 4.374188e-02 2.481708e-02 3.410906e-02 3.623141e-02 4.903881e-02 1.378873e-01 3.195319e-01 3.195319e-01 1.388042e-01 5.820084e-02 1.821997e-02 1.545262e-02 2.081290e-02 2.972551e-02 7.580847e-02 3.195319e-01 5.33 107
2.336935e-01 2.336935e-01 1.916546e-01 7.939483e-02 8.726687e-02 7.715788e-02 1.318793e-01 2.046527e-01 2.336935e-01 2.336935e-01 2.280267e-01 1.333031e-01 4.353079e-02 8.211391e-02 5.348090e-02 1.315186e-01 1.805209e-01 2.220923e-01 2.336935e-01 2.336935e-01 1.324687e-01 5.276161e-02 6.312762e-02 5.601428e-02 1.662025e-01 2.336935e-01 2.336935e-01 2.216541e-01 1.364708e-01 8.664601e-02 2.466027e-02 6.434708e-02 3.260434e-02 1.461803e-01 2.336935e-01 2.336935e-01 5.21 108
3.049644e-01 1.452692e-01 4.988257e-02 3.022872e-02 2.208669e-02 2.341900e-02 6.403227e-02 1.629837e-01 3.049644e-01 3.049644e-01 1.515668e-01 4.486077e-02 2.209523e-02 2.117800e-02 2.495729e-02 6.310096e-02 1.722972e-01 3.049644e-01 3.049644e-01 2.066742e-01 5.799660e-02 2.922398e-02 2.900880e-02 3.352202e-02 6.415854e-02 1.875517e-01 3.049644e-01 3.049644e-01 1.809754e-01 5.422970e-02 2.639215e-02 2.236442e-02 1.871420e-02 4.110815e-02 1.115194e-01 3.049644e-01 4.35 109
3.039041e-01 1.906141e-01 5.892724e-02 3.152819e-02 3.297618e-02 3.984907e-02 7.067493e-02 1.836982e-01 3.039041e-01 3.039041e-01 9.553695e-02 4.576449e-02 3.676490e-02 3.771285e-02 5.241538e-02 7.993611e-02 1.503165e-01 3.039041e-01 3.039041e-01 2.177105e-01 8.092276e-02 4.267650e-02 2.891773e-02 2.539264e-02 5.342735e-02 1.487705e-01 3.039041e-01 3.039041e-01 1.688435e-01 8.144289e-02 5.247259e-02 3.407918e-02 2.557282e-02 3.513023e-02 1.000740e-01 3.039041e-01 4.79 110
3.136267e-01 1.772729e-01 5.739390e-02 2.534315e-02 1.743265e-02 2.746787e-02 5.320909e-02 1.666513e-01 3.136267e-01 3.136267e-01 1.445252e-01 4.739286e-02 1.957433e-02 2.054178e-02 3.552762e-02 7.053658e-02 1.586861e-01 3.136267e-01 3.136267e-01 1.559177e-01 5.264290e-02 1.950715e-02 1.749638e-02 2.587541e-02 4.501127e-02 1.476005e-01 3.136267e-01 3.136267e-01 1.247930e-01 6.455031e-02 2.204467e-02 2.108194e-02 2.714126e-02 4.915735e-02 1.210404e-01 3.136267e-01 6.99 111
3.194754e-01 1.806464e-01 7.665899e-02 2.738904e-02 1.970148e-02 2.695857e-02 4.339319e-02 1.347508e-01 3.194754e-01 3.194754e-01 1.469698e-01 5.686464e-02 3.065880e-02 2.907531e-02 2.231452e-02 4.310404e-02 1.227004e-01 3.194754e-01 3.194754e-01 7.872268e-02 3.466043e-02 2.361465e-02 1.964344e-02 2.278687e-02 4.156126e-02 1.605124e-01 3.194754e-01 3.194754e-01 1.004484e-01 3.892886e-02 3.180945e-02 2.809957e-02 2.962440e-02 5.076046e-02 1.606971e-01 3.194754e-01 6 112
3.088861e-01 1.421390e-01 5.811223e-02 3.582394e-02 3.420153e-02 2.620653e-02 4.773807e-02 1.478049e-01 3.088861e-01 3.088861e-01 1.379310e-01 5.535929e-02 3.434537e-02 1.968824e-02 2.228762e-02 5.512264e-02 1.739075e-01 3.088861e-01 3.088861e-01 2.173861e-01 7.019887e-02 3.394652e-02 2.216762e-02 2.635560e-02 5.229120e-02 1.841026e-01 3.088861e-01 3.088861e-01 1.397368e-01 6.648501e-02 2.706466e-02 2.118362e-02 2.258135e-02 3.191960e-02 1.030799e-01 3.088861e-01 6.32 113
3.011264e-01 9.337880e-02 3.566169e-02 2.015893e-02 3.045377e-02 2.536342e-02 6.147422e-02 1.556744e-01 2.977434e-01 3.267969e-01 1.295328e-01 4.537604e-02 1.688767e-02 1.682452e-02 2.104485e-02 6.091999e-02 1.853993e-01 3.267969e-01 3.267969e-01 1.650506e-01 4.500207e-02 1.594243e-02 1.364472e-02 1.598567e-02 4.798135e-02 1.678516e-01 3.267969e-01 3.267969e-01 8.070639e-02 5.133792e-02 1.873806e-02 2.066273e-02 1.586011e-02 4.084943e-02 9.845005e-02 3.267969e-01 6.09 114
3.159877e-01 1.302555e-01 3.630243e-02 1.469680e-02 1.283624e-02 1.642265e-02 3.633551e-02 1.685975e-01 3.159877e-01 3.159877e-01 8.236177e-02 3.031935e-02 1.505534e-02 1.837096e-02 2.698490e-02 4.163728e-02 1.188341e-01 3.159877e-01 3.159877e-01 2.175564e-01 4.551072e-02 1.967881e-02 1.783160e-02 1.935434e-02 4.558671e-02 1.814227e-01 3.159877e-01 3.159877e-01 1.219975e-01 3.806880e-02 2.670269e-02 2.418166e-02 2.198820e-02 5.408442e-02 1.455001e-01 3.159877e-01 7.68 115
3.031345e-01 1.268862e-01 5.336323e-02 4.537550e-02 5.214862e-02 5.695261e-02 9.874141e-02 2.397762e-01 3.031345e-01 3.031345e-01 1.143793e-01 6.424542e-02 5.346201e-02 6.316435e-02 4.567297e-02 6.494281e-02 1.670437e-01 3.031345e-01 3.031345e-01 9.209874e-02 4.511611e-02 3.481554e-02 3.216818e-02 4.145418e-02 7.234656e-02 2.041606e-01 3.031345e-01 3.031345e-01 1.228210e-01 4.678490e-02 4.802051e-02 5.537047e-02 5.317801e-02 6.693772e-02 1.450691e-01 3.031345e-01 4.39 116
3.079586e-01 2.103408e-01 5.818276e-02 2.507878e-02 1.910127e-02 2.165146e-02 4.318567e-02 1.427899e-01 3.079586e-01 3.079586e-01 1.184614e-01 4.615215e-02 2.317993e-02 1.899789e-02 2.553007e-02 5.715103e-02 1.613069e-01 3.079586e-01 3.079586e-01 1.744505e-01 5.638650e-02 2.740633e-02 2.102980e-02 2.695858e-02 5.551927e-02 1.720004e-01 3.079586e-01 3.079586e-01 1.786369e-01 5.959831e-02 3.296015e-02 2.247715e-02 2.423157e-02 4.648423e-02 1.222514e-01 3.079586e-01 4.82 117
