6.82
6.63
6.07
5
6.63
7
6.07
4.93
5.5
5.5
4.93
5.5
5.18
5.25
6.82
5.5
6.82
6.82
5.5
5.5
5.5
5.75
5.5
5.5
5.25
5.5
5.82
8.25
5.5
5.75
4.06
6.5
7
6
5
7.22
5.5
4.62
4.94
4.38
7
4.86
4.69
6.82
7
4.38
5.82
5.75
4.86
5.5
4
5.75
5.5
7
6.63
6.63
5.5
4.38
6.14
4.38
5.5
5.25
5.5
6.07
7.43
6.32
6
5.5
5.5
7.43
3.57
4.86
5.5
5.05
7.38
4.86
5.5
4.3
5.5
7.38
4.73
4.09
6.14
7
5.18
5.5
6.81
6.27
5.75
5.5
4.86
5.18
6.81
4.73
4.19
3.63
6.27
5.5
5.82
7.38
6.27
7
6.7
6.7
6.91
6.51
5.25
5.18
4.49
4.86
7.08
5.82
6.51
6.14
7.98
4.3
4.73