6.76
6.54
5.79
5.84
6.09
6.66
5.83
5.74
5.6
5.91
5.64
5.72
5.55
5.57
6.48
5.82
6.08
6.61
5.55
5.78
5.41
5.74
5.79
5.69
5.13
5.9
5.98
7.54
5.68
5.53
4.72
5.82
6.5
6.18
5.64
6.62
5.69
5.08
5.17
4.83
6.35
5.35
4.91
6.8
6.92
5.02
5.82
5.75
5.4
5.75
5.06
5.72
5.73
6.68
6.34
6.54
5.96
5.53
6.09
5.44
5.43
5.15
5.37
6.22
6.62
6.34
5.6
5.98
5.67
7.1
3.42
5.47
5.26
5.02
6.98
4.74
4.94
4.91
5.94
6.94
5.6
4.56
6.18
6.41
4.97
5.83
6.58
6.24
5.84
5.45
5.42
5.21
6.45
4.86
3.98
4.1
5.95
5.51
6.44
7.09
5.95
6.49
6.55
5.99
6.73
6.15
5.33
5.21
4.35
4.79
6.99
6
6.32
6.09
7.68
4.39
4.82