9.284552e-02 1.131455e-01 1.940282e-01 2.183817e-01 2.349921e-01 1.815207e-01 2.349921e-01 2.349921e-01 1.406472e-01 1.765565e-01 1.651372e-01 1.924028e-01 1.520828e-01 1.066938e-01 7.614767e-02 7.919206e-02 9.396830e-02 1.292833e-01 2.349921e-01 2.349921e-01 2.291844e-01 2.183201e-01 2.299452e-01 1.529089e-01 1.642030e-01 1.541980e-01 1.173803e-01 1.029517e-01 8.603667e-02 7.943481e-02 8.984023e-02 1.120832e-01 1.186690e-01 1.796957e-01 2.026542e-01 1.531805e-01 6.76 1
2.102485e-01 1.506408e-01 1.587299e-01 1.895682e-01 2.306164e-01 2.210308e-01 2.306164e-01 2.306164e-01 2.306164e-01 1.549103e-01 1.060318e-01 9.265222e-02 6.719450e-02 1.337654e-01 9.636483e-02 1.351048e-01 1.912747e-01 2.259980e-01 2.107540e-01 1.629861e-01 1.417427e-01 1.247973e-01 2.029358e-01 2.050165e-01 2.306164e-01 1.789152e-01 2.112026e-01 9.892062e-02 7.379850e-02 8.352271e-02 5.100247e-02 1.453081e-01 8.220942e-02 1.498111e-01 1.391789e-01 1.216098e-01 6.54 2
1.049016e-01 1.252933e-01 1.968699e-01 2.064427e-01 2.225261e-01 2.225261e-01 1.986319e-01 1.959499e-01 1.379078e-01 7.671712e-02 1.013692e-01 1.577478e-01 1.855071e-01 2.012638e-01 1.346405e-01 1.491948e-01 1.604802e-01 9.924364e-02 1.379610e-01 2.189088e-01 2.225261e-01 2.225261e-01 2.225261e-01 2.054371e-01 1.169286e-01 7.936128e-02 7.958712e-02 1.239621e-01 2.225261e-01 2.225261e-01 2.225261e-01 1.770307e-01 8.748166e-02 6.990255e-02 7.698844e-02 7.947014e-02 5.79 3
2.288143e-01 2.288143e-01 1.695352e-01 8.117629e-02 1.223889e-01 1.428338e-01 1.938070e-01 2.288143e-01 2.288143e-01 1.809986e-01 2.288143e-01 1.775687e-01 9.652662e-02 1.310593e-01 1.427188e-01 8.224160e-02 6.349563e-02 9.228571e-02 2.094910e-01 1.709745e-01 1.231762e-01 6.958980e-02 1.394254e-01 2.008589e-01 1.828279e-01 2.288143e-01 2.288143e-01 1.016630e-01 5.262994e-02 5.722678e-02 6.330532e-02 1.349625e-01 1.899506e-01 1.703796e-01 2.288143e-01 2.288143e-01 5.84 4
1.268044e-01 1.195876e-01 1.915794e-01 2.391117e-01 2.391117e-01 2.391117e-01 2.088057e-01 1.363643e-01 1.337082e-01 1.206821e-01 1.002912e-01 1.319447e-01 5.656438e-02 1.585439e-01 9.914321e-02 1.522607e-01 9.867163e-02 1.128283e-01 1.561464e-01 1.741881e-01 2.391117e-01 2.391117e-01 2.391117e-01 2.391117e-01 2.140905e-01 1.492221e-01 1.295876e-01 1.590937e-01 1.499659e-01 1.219321e-01 3.769492e-02 1.562372e-01 1.491978e-01 1.911795e-01 1.382461e-01 1.440051e-01 6.09 5
9.732368e-02 1.211204e-01 2.510522e-01 2.510522e-01 2.510522e-01 2.510522e-01 2.472541e-01 1.374937e-01 1.234674e-01 1.139839e-01 1.033597e-01 1.503437e-01 1.419578e-01 2.151005e-01 9.651748e-02 7.972836e-02 6.449053e-02 1.126039e-01 1.295580e-01 1.821248e-01 2.510522e-01 2.510522e-01 2.510522e-01 2.510522e-01 1.768456e-01 8.113698e-02 7.899260e-02 8.339732e-02 7.238642e-02 1.075027e-01 1.143001e-01 2.431276e-01 1.397257e-01 1.110126e-01 5.881076e-02 7.656021e-02 6.66 6
1.617444e-01 1.802716e-01 2.083035e-01 2.325002e-01 2.325002e-01 2.325002e-01 2.156170e-01 1.671730e-01 1.634830e-01 1.326117e-01 1.728760e-01 2.003614e-01 1.777965e-01 1.611526e-01 9.862161e-02 9.941605e-02 1.154456e-01 1.149537e-01 1.086382e-01 1.192136e-01 1.647406e-01 2.325002e-01 2.325002e-01 2.325002e-01 2.325002e-01 1.762203e-01 1.356379e-01 9.733315e-02 1.014989e-01 9.787736e-02 7.585064e-02 1.238612e-01 1.104940e-01 1.498816e-01 1.546743e-01 1.240497e-01 5.83 7
1.879627e-01 2.193155e-01 2.193155e-01 2.193155e-01 2.046496e-01 9.637052e-02 8.762655e-02 1.042387e-01 1.278409e-01 1.028519e-01 1.955114e-01 2.193155e-01 1.705120e-01 1.655917e-01 6.739431e-02 8.657578e-02 5.989834e-02 7.040939e-02 2.111028e-01 1.681325e-01 2.193155e-01 2.193155e-01 2.185109e-01 2.125778e-01 2.193155e-01 2.127641e-01 1.888516e-01 7.789798e-02 7.653294e-02 1.233716e-01 9.896076e-02 1.687445e-01 1.691734e-01 2.024108e-01 1.566536e-01 9.894951e-02 5.74 8
1.445979e-01 1.393790e-01 1.573071e-01 2.333248e-01 2.333248e-01 2.333248e-01 2.333248e-01 2.262890e-01 2.213966e-01 1.251270e-01 1.045603e-01 1.149477e-01 1.229142e-01 1.879749e-01 9.204543e-02 7.768001e-02 8.060153e-02 1.318761e-01 1.255559e-01 1.776455e-01 2.333248e-01 2.333248e-01 2.333248e-01 2.333248e-01 1.817265e-01 1.608962e-01 1.328512e-01 1.033295e-01 8.690790e-02 1.121066e-01 1.355631e-01 1.949534e-01 1.265851e-01 1.199010e-01 1.205930e-01 1.205164e-01 5.6 9
1.086956e-01 9.877831e-02 1.987687e-01 2.576092e-01 2.576092e-01 2.576092e-01 1.547852e-01 1.063838e-01 1.213217e-01 9.561075e-02 9.421609e-02 2.088962e-01 2.087226e-01 2.576092e-01 2.354295e-01 9.389305e-02 5.170234e-02 8.467887e-02 1.261253e-01 1.049070e-01 1.040398e-01 1.931955e-01 2.576092e-01 2.576092e-01 1.423632e-01 9.358013e-02 1.241177e-01 9.627201e-02 6.604029e-02 7.976650e-02 9.052830e-02 2.576092e-01 2.523142e-01 1.274137e-01 7.693290e-02 1.076318e-01 5.91 10
1.598246e-01 1.872026e-01 2.418195e-01 2.418195e-01 2.418195e-01 1.692471e-01 1.034146e-01 1.126087e-01 1.348082e-01 1.871777e-01 1.861192e-01 1.800416e-01 1.681330e-01 1.594185e-01 1.050478e-01 8.491774e-02 1.095914e-01 1.525840e-01 8.787187e-02 7.761304e-02 1.165847e-01 2.036745e-01 2.418195e-01 2.418195e-01 2.279139e-01 1.965284e-01 1.293649e-01 1.107686e-01 7.344710e-02 7.153106e-02 8.183359e-02 1.351320e-01 1.432685e-01 1.697221e-01 2.261669e-01 2.077914e-01 5.64 11
1.180353e-01 1.710283e-01 2.222167e-01 2.288015e-01 2.372845e-01 2.372845e-01 2.215558e-01 1.571892e-01 1.320987e-01 1.094079e-01 1.395587e-01 1.644039e-01 1.311306e-01 1.682662e-01 7.246345e-02 7.714437e-02 7.279053e-02 9.879741e-02 1.102084e-01 1.166674e-01 1.828118e-01 2.372845e-01 2.372845e-01 2.372845e-01 2.372845e-01 2.372845e-01 1.582921e-01 9.225207e-02 6.406650e-02 7.136009e-02 8.711852e-02 1.522987e-01 1.275555e-01 1.837697e-01 1.965081e-01 1.344803e-01 5.72 12
9.136691e-02 1.021609e-01 1.967035e-01 2.485712e-01 2.485712e-01 2.216421e-01 1.295095e-01 9.865496e-02 8.539625e-02 8.745419e-02 9.299158e-02 1.356490e-01 1.658420e-01 2.485712e-01 9.818944e-02 1.161487e-01 9.574690e-02 8.714887e-02 1.694108e-01 1.813455e-01 1.564104e-01 2.485712e-01 2.485712e-01 2.485712e-01 2.021330e-01 1.797079e-01 1.889572e-01 1.452912e-01 1.411258e-01 9.985154e-02 1.219365e-01 2.228149e-01 1.507783e-01 1.490791e-01 1.216513e-01 1.288515e-01 5.55 13
2.070530e-01 1.507403e-01 1.963852e-01 1.968623e-01 1.817557e-01 2.140995e-01 1.853890e-01 1.966095e-01 2.131770e-01 1.128765e-01 1.032667e-01 1.293709e-01 1.707805e-01 1.423998e-01 1.054494e-01 1.020998e-01 1.498325e-01 1.476614e-01 1.307107e-01 9.209287e-02 1.019952e-01 1.677884e-01 2.140995e-01 2.140995e-01 1.703817e-01 1.616447e-01 2.140995e-01 8.072426e-02 4.902617e-02 6.475426e-02 1.540523e-01 1.875426e-01 2.057689e-01 2.140995e-01 2.140995e-01 2.037793e-01 5.57 14
2.190496e-01 2.190496e-01 2.120526e-01 1.889627e-01 2.190496e-01 2.190496e-01 2.190496e-01 1.439381e-01 1.569649e-01 1.317179e-01 2.190496e-01 2.095301e-01 1.230543e-01 1.204289e-01 9.184159e-02 8.164658e-02 7.634754e-02 9.558249e-02 1.723417e-01 2.102923e-01 2.190496e-01 2.190496e-01 2.190496e-01 1.891180e-01 2.018079e-01 1.524791e-01 1.392334e-01 9.618656e-02 9.154021e-02 9.020192e-02 7.500815e-02 1.226786e-01 1.446654e-01 1.746657e-01 1.324451e-01 1.126390e-01 6.48 15
1.166722e-01 1.694479e-01 2.439331e-01 2.439331e-01 2.439331e-01 2.439331e-01 1.193089e-01 9.847206e-02 1.061827e-01 1.519249e-01 1.926003e-01 1.727843e-01 1.589951e-01 2.439331e-01 1.657464e-01 9.553526e-02 8.120199e-02 9.671301e-02 1.177298e-01 1.066087e-01 1.195692e-01 1.955986e-01 2.439331e-01 2.439331e-01 2.184815e-01 1.280896e-01 1.056509e-01 7.870217e-02 6.292441e-02 7.622714e-02 8.813985e-02 2.279179e-01 2.205647e-01 1.901052e-01 1.292007e-01 8.856447e-02 5.82 16
2.047090e-01 2.141130e-01 1.891346e-01 2.254747e-01 2.254747e-01 1.936300e-01 1.131193e-01 1.345714e-01 1.922512e-01 2.254747e-01 2.254747e-01 1.582736e-01 1.082296e-01 7.694634e-02 5.623216e-02 6.332082e-02 7.938433e-02 1.567079e-01 1.961274e-01 1.065642e-01 9.118903e-02 1.607912e-01 2.254747e-01 1.714734e-01 1.418487e-01 1.951665e-01 2.254747e-01 2.254747e-01 1.084604e-01 8.080636e-02 8.001651e-02 8.248471e-02 9.158426e-02 1.461547e-01 2.254747e-01 2.254747e-01 6.08 17
9.705744e-02 1.345637e-01 1.861577e-01 2.377936e-01 2.377936e-01 2.377936e-01 2.020729e-01 1.070511e-01 8.898833e-02 1.053010e-01 1.491407e-01 1.813349e-01 1.574154e-01 1.572484e-01 1.041865e-01 9.018360e-02 7.002484e-02 8.490216e-02 1.435433e-01 1.511395e-01 2.071674e-01 2.377936e-01 2.377936e-01 2.377936e-01 2.377936e-01 1.841809e-01 1.485296e-01 1.451088e-01 1.188895e-01 1.115981e-01 1.115582e-01 1.468173e-01 1.392153e-01 1.820785e-01 1.734767e-01 1.683484e-01 6.61 18
1.687325e-01 1.260195e-01 1.851114e-01 1.741191e-01 2.180211e-01 2.180211e-01 2.180211e-01 1.781443e-01 1.782359e-01 1.837554e-01 1.438255e-01 1.111601e-01 7.207567e-02 1.882956e-01 1.460446e-01 1.019804e-01 1.004833e-01 1.151678e-01 2.180211e-01 1.952912e-01 2.180211e-01 2.180211e-01 2.180211e-01 2.180211e-01 1.792268e-01 1.286492e-01 2.109589e-01 1.694245e-01 9.021944e-02 6.653084e-02 6.228326e-02 1.702036e-01 1.440816e-01 1.315085e-01 1.310188e-01 1.552202e-01 5.55 19
2.215406e-01 1.358527e-01 1.006388e-01 1.157847e-01 2.215406e-01 1.996476e-01 2.215406e-01 2.215406e-01 2.215406e-01 2.215406e-01 1.512070e-01 1.065781e-01 8.405743e-02 1.135578e-01 9.891263e-02 1.133184e-01 1.758119e-01 2.215406e-01 1.199609e-01 8.796221e-02 1.097361e-01 1.349809e-01 2.215406e-01 2.215406e-01 2.129860e-01 2.215406e-01 2.020329e-01 9.529223e-02 6.991708e-02 5.475586e-02 5.535172e-02 1.281795e-01 1.704588e-01 1.674365e-01 2.215406e-01 1.960290e-01 5.78 20
2.332626e-01 2.332626e-01 2.069556e-01 1.638421e-01 2.253850e-01 1.876656e-01 1.319969e-01 1.487664e-01 2.332626e-01 2.332626e-01 2.332626e-01 2.332626e-01 1.226995e-01 8.336964e-02 6.306966e-02 7.307229e-02 9.653848e-02 1.182268e-01 1.908350e-01 1.440390e-01 1.059869e-01 1.077594e-01 1.590816e-01 1.606914e-01 1.481384e-01 2.128437e-01 2.332626e-01 1.282087e-01 1.176868e-01 1.059397e-01 7.245685e-02 7.553849e-02 7.344454e-02 1.383552e-01 2.263626e-01 2.064536e-01 5.41 21
8.334319e-02 2.290607e-01 1.812171e-01 2.193196e-01 2.367973e-01 2.367973e-01 2.367973e-01 1.020184e-01 8.272688e-02 9.798496e-02 2.367973e-01 1.907271e-01 1.414066e-01 1.594566e-01 7.515892e-02 6.525181e-02 5.969322e-02 7.371549e-02 1.185418e-01 1.112898e-01 2.149875e-01 2.367973e-01 2.367973e-01 1.607907e-01 1.321191e-01 2.367973e-01 1.908994e-01 8.993903e-02 6.200415e-02 8.091554e-02 1.080172e-01 1.391827e-01 9.415202e-02 1.661053e-01 2.367973e-01 2.124145e-01 5.74 22
1.359004e-01 1.031343e-01 1.282744e-01 1.931162e-01 2.333694e-01 2.333694e-01 1.710263e-01 1.440175e-01 1.671610e-01 1.350999e-01 1.369400e-01 1.644274e-01 1.975747e-01 2.333694e-01 2.206604e-01 1.366063e-01 1.067773e-01 1.209902e-01 1.835689e-01 1.366362e-01 1.235337e-01 1.986679e-01 2.333694e-01 2.333694e-01 1.431701e-01 1.114686e-01 1.439749e-01 9.366736e-02 7.524363e-02 8.771314e-02 1.350178e-01 2.333694e-01 2.333694e-01 1.723767e-01 1.313772e-01 1.159035e-01 5.79 23
8.095656e-02 8.358815e-02 1.460486e-01 2.777704e-01 2.777704e-01 2.777704e-01 1.941532e-01 9.862006e-02 8.741271e-02 1.162322e-01 1.059209e-01 1.396302e-01 1.891076e-01 2.736290e-01 1.191644e-01 8.780415e-02 8.770265e-02 1.290108e-01 9.414888e-02 1.062313e-01 1.565413e-01 2.777704e-01 2.777704e-01 2.777704e-01 1.397983e-01 6.983957e-02 7.431044e-02 8.979550e-02 6.989510e-02 9.955775e-02 1.565927e-01 2.777704e-01 1.579760e-01 1.070227e-01 5.844508e-02 8.402760e-02 5.69 24
1.997853e-01 1.765350e-01 1.543144e-01 1.518068e-01 1.954317e-01 2.100265e-01 1.692633e-01 1.812006e-01 2.085641e-01 9.468948e-02 9.294875e-02 9.517873e-02 8.288973e-02 1.020935e-01 1.126813e-01 1.276734e-01 1.134668e-01 1.049629e-01 2.181945e-01 2.103064e-01 1.850214e-01 1.886984e-01 1.919763e-01 2.181945e-01 2.181945e-01 2.181945e-01 2.181945e-01 1.611030e-01 1.213574e-01 8.435423e-02 7.412842e-02 9.031045e-02 1.395570e-01 2.181945e-01 2.181945e-01 1.811559e-01 5.13 25
2.508504e-01 1.550100e-01 1.457849e-01 2.040354e-01 1.847123e-01 1.970756e-01 1.485757e-01 2.090955e-01 2.508504e-01 2.508504e-01 1.368146e-01 1.029279e-01 7.247727e-02 7.107382e-02 6.245386e-02 8.916135e-02 1.037935e-01 2.432114e-01 2.508504e-01 1.828016e-01 1.111324e-01 7.729378e-02 7.171731e-02 9.156790e-02 1.504660e-01 2.508504e-01 2.508504e-01 1.597750e-01 7.885378e-02 5.980359e-02 4.581909e-02 9.284250e-02 8.405448e-02 1.369671e-01 2.295331e-01 2.508504e-01 5.9 26
1.784807e-01 1.770888e-01 2.321882e-01 2.354283e-01 2.354283e-01 2.354283e-01 2.329439e-01 2.354283e-01 2.228644e-01 9.655464e-02 8.774181e-02 1.357937e-01 1.567928e-01 2.327787e-01 1.354358e-01 9.288539e-02 1.000133e-01 1.079001e-01 1.353971e-01 1.729311e-01 2.144974e-01 2.354283e-01 2.354283e-01 2.140050e-01 1.074232e-01 9.368726e-02 1.204329e-01 9.782849e-02 6.837757e-02 8.665122e-02 1.027878e-01 1.767910e-01 1.207345e-01 9.278763e-02 9.698034e-02 1.118178e-01 5.98 27
2.402395e-01 2.091833e-01 9.255150e-02 1.116373e-01 2.402395e-01 2.199467e-01 1.932075e-01 2.076509e-01 2.402395e-01 2.121939e-01 1.548617e-01 9.681953e-02 7.663711e-02 8.815556e-02 7.239691e-02 8.993453e-02 1.102555e-01 1.431749e-01 2.402395e-01 1.978720e-01 8.364101e-02 1.130736e-01 2.402395e-01 1.669571e-01 1.526595e-01 2.402395e-01 2.402395e-01 2.013583e-01 9.917808e-02 5.706882e-02 4.310814e-02 6.993409e-02 7.450894e-02 1.229089e-01 1.788494e-01 2.030381e-01 7.54 28
2.144807e-01 2.018730e-01 2.144807e-01 2.144807e-01 2.144807e-01 1.722520e-01 1.240361e-01 1.211475e-01 1.547225e-01 1.954220e-01 1.654601e-01 2.020189e-01 1.233455e-01 1.042794e-01 7.647867e-02 7.549887e-02 7.775226e-02 1.381373e-01 2.124470e-01 1.551054e-01 1.199559e-01 1.556891e-01 2.013070e-01 1.855635e-01 2.144807e-01 2.144807e-01 2.144807e-01 1.345823e-01 7.459321e-02 7.721374e-02 7.101547e-02 9.892405e-02 1.384439e-01 2.144807e-01 2.144807e-01 2.144807e-01 5.68 29
1.732049e-01 1.983274e-01 2.137794e-01 2.259904e-01 2.259904e-01 2.210783e-01 1.314076e-01 1.061996e-01 1.115752e-01 1.954907e-01 2.216934e-01 1.812660e-01 1.472310e-01 1.388385e-01 1.030694e-01 9.669010e-02 7.853038e-02 1.040903e-01 2.086667e-01 1.635632e-01 1.741064e-01 2.259904e-01 2.259904e-01 1.774120e-01 2.252117e-01 1.517886e-01 1.439704e-01 1.372541e-01 8.156143e-02 8.486564e-02 1.137219e-01 1.296094e-01 1.360501e-01 2.008151e-01 1.512976e-01 1.481066e-01 5.53 30
2.250334e-01 2.113631e-01 1.916578e-01 2.250334e-01 2.250334e-01 2.250334e-01 2.075374e-01 1.636046e-01 2.250334e-01 2.013626e-01 1.847347e-01 1.397735e-01 1.087815e-01 1.240085e-01 1.081964e-01 8.693887e-02 9.802688e-02 1.510278e-01 2.046493e-01 1.423170e-01 1.538183e-01 2.250334e-01 2.250334e-01 2.250334e-01 1.907375e-01 1.315270e-01 1.807678e-01 1.234532e-01 9.955230e-02 8.612227e-02 8.115439e-02 1.346382e-01 9.678153e-02 8.931455e-02 9.543187e-02 1.210077e-01 4.72 31
1.036622e-01 7.432865e-02 1.253754e-01 1.782175e-01 2.366456e-01 2.366456e-01 2.366456e-01 2.366456e-01 1.850100e-01 9.994259e-02 8.015434e-02 8.945183e-02 8.574460e-02 1.818529e-01 1.854818e-01 1.721657e-01 1.206153e-01 1.271567e-01 1.818484e-01 2.107061e-01 2.366456e-01 2.366456e-01 2.366456e-01 2.366456e-01 1.881813e-01 1.061439e-01 9.556475e-02 1.784662e-01 1.157314e-01 1.035677e-01 1.154014e-01 1.600045e-01 1.018275e-01 1.194513e-01 1.290971e-01 1.579312e-01 5.82 32
2.286180e-01 2.286180e-01 2.286180e-01 2.286180e-01 2.286180e-01 1.980116e-01 2.119148e-01 2.286180e-01 2.286180e-01 1.258940e-01 1.098504e-01 1.325147e-01 1.152722e-01 1.547605e-01 8.604662e-02 8.551367e-02 8.074624e-02 1.099377e-01 2.286180e-01 2.286180e-01 2.286180e-01 2.131215e-01 1.627988e-01 1.594810e-01 1.309034e-01 1.455172e-01 2.101457e-01 1.065996e-01 8.124293e-02 7.332667e-02 5.871453e-02 1.262358e-01 1.211962e-01 1.219256e-01 1.128638e-01 1.110711e-01 6.5 33
2.170124e-01 1.361657e-01 1.408273e-01 1.672254e-01 1.767675e-01 2.170124e-01 2.170124e-01 2.170124e-01 2.170124e-01 1.443187e-01 1.519182e-01 1.609318e-01 1.250312e-01 1.012731e-01 7.532150e-02 1.028496e-01 1.083705e-01 1.141330e-01 2.170124e-01 1.644946e-01 1.729926e-01 1.739023e-01 1.855419e-01 1.795391e-01 1.701841e-01 2.170124e-01 2.170124e-01 1.411972e-01 1.012513e-01 9.685666e-02 7.227094e-02 1.073410e-01 1.265891e-01 1.989101e-01 2.170124e-01 2.170124e-01 6.18 34
2.157897e-01 2.190986e-01 2.190986e-01 2.190986e-01 1.636219e-01 9.758672e-02 7.986839e-02 7.881955e-02 1.223464e-01 2.190986e-01 2.190986e-01 2.055459e-01 1.983390e-01 1.782524e-01 1.191114e-01 9.112424e-02 9.486168e-02 1.906947e-01 1.410431e-01 9.953627e-02 1.339697e-01 1.626537e-01 2.190986e-01 2.190986e-01 2.077703e-01 2.190986e-01 2.190986e-01 1.062677e-01 8.301350e-02 9.268669e-02 1.054076e-01 1.853159e-01 1.597510e-01 1.468678e-01 1.417007e-01 1.398394e-01 5.64 35
1.790592e-01 1.663971e-01 1.666307e-01 2.355568e-01 2.355568e-01 2.355568e-01 1.410895e-01 1.926042e-01 2.355568e-01 1.535232e-01 1.948554e-01 1.565802e-01 1.066628e-01 1.123969e-01 9.563547e-02 6.274225e-02 9.329287e-02 1.365167e-01 1.650483e-01 8.062244e-02 8.108394e-02 1.140345e-01 2.355568e-01 2.355568e-01 2.344581e-01 2.355568e-01 2.355568e-01 6.484572e-02 5.289815e-02 6.209194e-02 5.700117e-02 1.004993e-01 1.294073e-01 1.601781e-01 2.355568e-01 1.752388e-01 6.62 36
8.694210e-02 5.206051e-02 5.162860e-02 9.131067e-02 1.799135e-01 2.862077e-01 2.689616e-01 1.462304e-01 1.792136e-01 1.089378e-01 7.908931e-02 8.744851e-02 1.588970e-01 2.862077e-01 2.470119e-01 9.680482e-02 7.480125e-02 1.102840e-01 3.916795e-02 2.389553e-02 2.536444e-02 4.609856e-02 1.784176e-01 2.862077e-01 2.862077e-01 2.076266e-01 7.406403e-02 4.359926e-02 3.829121e-02 4.218379e-02 7.944175e-02 2.862077e-01 2.862077e-01 2.862077e-01 9.115279e-02 5.370605e-02 5.69 37
8.677159e-02 8.520715e-02 1.195792e-01 2.398863e-01 2.576566e-01 2.576566e-01 2.576566e-01 2.156057e-01 1.306646e-01 9.837661e-02 9.529522e-02 9.394363e-02 1.215091e-01 1.998667e-01 1.545982e-01 1.211499e-01 1.116277e-01 1.117114e-01 1.304070e-01 1.304799e-01 1.341777e-01 2.153427e-01 2.576566e-01 2.576566e-01 2.576566e-01 2.145770e-01 1.592853e-01 1.057534e-01 8.371976e-02 8.232901e-02 9.193204e-02 1.650202e-01 1.373275e-01 1.301135e-01 1.343904e-01 1.461019e-01 5.08 38
2.405024e-01 2.405024e-01 2.405024e-01 1.158799e-01 1.423470e-01 1.292914e-01 1.221108e-01 1.315123e-01 2.096913e-01 2.405024e-01 1.046042e-01 6.109555e-02 1.715236e-02 5.441112e-02 2.548440e-02 6.730283e-02 1.321986e-01 2.405024e-01 2.405024e-01 2.405024e-01 2.405024e-01 2.405024e-01 1.817207e-01 1.321810e-01 1.584920e-01 1.471709e-01 2.244059e-01 2.405024e-01 1.082817e-01 7.929070e-02 4.797695e-02 7.370801e-02 2.956907e-02 8.106285e-02 1.255053e-01 2.405024e-01 5.17 39
2.234267e-01 2.234267e-01 1.883653e-01 2.199569e-01 2.234267e-01 1.861696e-01 1.036664e-01 9.751439e-02 1.446274e-01 2.234267e-01 2.234267e-01 2.234267e-01 1.541759e-01 1.119169e-01 1.099130e-01 8.854042e-02 1.001763e-01 1.882941e-01 2.056224e-01 1.575265e-01 8.802395e-02 1.554810e-01 2.075035e-01 2.040948e-01 1.776026e-01 1.703601e-01 1.661544e-01 6.927664e-02 7.244062e-02 6.564138e-02 7.121792e-02 1.013085e-01 2.101761e-01 2.234267e-01 1.883297e-01 8.903360e-02 4.83 40
1.811726e-01 1.382294e-01 1.515397e-01 2.327112e-01 2.327112e-01 2.230436e-01 1.542038e-01 1.311647e-01 1.203442e-01 9.865234e-02 1.092428e-01 1.549475e-01 2.149105e-01 2.327112e-01 1.271978e-01 9.170341e-02 9.337659e-02 8.826147e-02 1.615135e-01 1.037477e-01 9.092835e-02 1.687851e-01 2.327112e-01 2.327112e-01 2.327112e-01 2.082299e-01 1.508810e-01 8.404652e-02 5.887335e-02 6.980354e-02 9.967407e-02 2.128500e-01 1.997131e-01 1.908836e-01 2.235470e-01 1.591691e-01 6.35 41
2.250929e-01 2.250929e-01 1.479150e-01 1.088989e-01 1.352135e-01 1.903710e-01 2.250929e-01 2.250929e-01 2.250929e-01 2.250929e-01 2.250929e-01 1.632255e-01 1.030980e-01 1.012287e-01 7.605143e-02 8.128909e-02 1.164852e-01 1.651446e-01 2.250929e-01 2.250929e-01 1.814683e-01 1.126005e-01 1.176708e-01 1.006710e-01 1.214112e-01 1.514371e-01 2.150220e-01 2.102008e-01 1.268100e-01 8.691864e-02 8.866845e-02 1.194217e-01 9.398017e-02 1.238619e-01 1.915742e-01 2.250929e-01 5.35 42
1.216846e-01 1.376476e-01 1.452559e-01 1.835568e-01 2.156621e-01 2.156621e-01 2.121438e-01 1.716030e-01 1.703447e-01 1.106289e-01 1.419038e-01 1.528943e-01 1.312202e-01 1.956103e-01 1.316259e-01 8.231641e-02 9.365045e-02 1.271812e-01 2.156621e-01 2.156621e-01 1.654663e-01 1.536489e-01 2.156621e-01 2.156621e-01 2.118055e-01 1.822445e-01 1.968427e-01 8.582696e-02 6.945764e-02 7.819900e-02 9.317197e-02 2.144417e-01 2.156621e-01 1.882068e-01 1.724086e-01 1.272951e-01 4.91 43
2.103828e-01 2.295734e-01 2.295734e-01 2.295734e-01 2.295734e-01 1.282218e-01 8.512203e-02 8.436791e-02 1.255606e-01 1.717030e-01 1.895252e-01 2.069251e-01 2.295734e-01 1.757905e-01 1.070910e-01 7.069427e-02 5.610524e-02 7.933110e-02 2.295734e-01 1.826588e-01 1.231637e-01 2.295734e-01 2.295734e-01 2.053098e-01 1.193324e-01 9.291731e-02 1.500229e-01 1.382312e-01 8.445685e-02 7.536607e-02 1.776029e-01 1.975518e-01 1.916305e-01 1.257138e-01 1.224850e-01 1.281500e-01 6.8 44
1.427001e-01 2.154790e-01 2.154790e-01 2.154790e-01 2.154790e-01 2.154790e-01 2.154790e-01 1.816661e-01 1.652228e-01 1.250536e-01 2.113465e-01 1.942313e-01 1.181549e-01 1.123453e-01 5.917969e-02 6.512279e-02 7.420344e-02 9.835940e-02 1.417688e-01 1.631806e-01 2.089556e-01 1.608194e-01 2.154790e-01 2.154790e-01 2.154790e-01 2.154790e-01 2.126150e-01 8.641513e-02 8.444098e-02 9.286494e-02 8.741239e-02 1.377978e-01 1.258006e-01 1.782265e-01 1.780786e-01 1.299063e-01 6.92 45
8.005746e-02 1.302530e-01 1.852678e-01 2.228635e-01 2.228635e-01 1.938730e-01 2.228635e-01 2.089779e-01 9.830627e-02 1.223344e-01 2.035317e-01 2.228635e-01 2.228635e-01 2.228635e-01 1.233769e-01 7.690547e-02 7.446884e-02 8.666887e-02 9.735062e-02 2.228635e-01 2.228635e-01 2.228635e-01 2.228635e-01 2.129563e-01 1.231760e-01 6.515814e-02 5.976443e-02 8.478335e-02 8.381933e-02 1.200984e-01 1.791298e-01 2.228635e-01 1.660953e-01 1.440282e-01 1.244761e-01 1.098904e-01 5.02 46
1.258741e-01 1.066883e-01 1.249266e-01 1.102047e-01 2.026130e-01 2.072375e-01 2.072375e-01 1.937752e-01 1.737718e-01 1.239800e-01 1.400788e-01 1.867486e-01 1.402473e-01 1.845227e-01 1.836520e-01 1.813244e-01 1.553668e-01 1.519751e-01 1.455790e-01 2.072375e-01 2.072375e-01 2.072375e-01 2.072375e-01 1.849196e-01 1.619443e-01 1.305123e-01 1.324020e-01 1.708079e-01 1.570559e-01 1.489038e-01 1.368223e-01 1.891427e-01 1.567118e-01 1.462355e-01 1.487239e-01 1.623623e-01 5.82 47
2.056345e-01 2.181437e-01 2.181437e-01 2.142007e-01 1.671960e-01 2.181437e-01 2.181437e-01 1.622194e-01 1.715459e-01 1.683288e-01 2.181437e-01 2.181437e-01 1.410113e-01 1.097656e-01 7.337847e-02 7.239725e-02 8.585265e-02 1.178899e-01 2.181437e-01 1.584192e-01 1.521681e-01 1.413494e-01 1.444441e-01 1.616611e-01 1.622266e-01 1.796239e-01 2.181437e-01 1.603225e-01 1.410967e-01 1.221451e-01 1.151561e-01 1.327228e-01 1.499283e-01 1.355858e-01 1.462256e-01 1.667816e-01 5.75 48
1.567810e-01 1.688954e-01 1.735414e-01 1.667988e-01 2.219189e-01 2.219189e-01 2.219189e-01 2.219189e-01 2.139140e-01 1.870599e-01 1.710531e-01 1.669834e-01 7.913464e-02 1.078535e-01 8.380421e-02 1.499088e-01 1.919204e-01 2.219189e-01 1.782728e-01 2.078783e-01 2.219189e-01 1.782708e-01 1.778056e-01 1.513166e-01 1.880569e-01 1.353046e-01 1.469626e-01 1.482506e-01 1.383431e-01 1.615340e-01 8.484894e-02 1.339886e-01 4.772783e-02 1.034271e-01 1.061127e-01 1.348896e-01 5.4 49
1.933991e-01 1.912603e-01 2.276450e-01 2.276450e-01 2.276450e-01 1.386474e-01 1.444612e-01 1.034706e-01 1.701056e-01 2.080857e-01 1.454438e-01 1.748675e-01 1.036528e-01 2.254444e-01 8.442874e-02 1.330343e-01 9.258698e-02 1.899127e-01 1.673265e-01 1.243560e-01 1.259948e-01 1.573527e-01 2.276450e-01 2.276450e-01 2.276450e-01 1.503727e-01 1.445978e-01 1.685060e-01 6.824715e-02 8.509406e-02 4.080795e-02 2.276450e-01 1.449629e-01 1.796392e-01 8.942349e-02 1.631027e-01 5.75 50
2.131647e-01 1.679031e-01 1.221165e-01 1.257083e-01 1.346757e-01 1.598635e-01 2.005550e-01 1.960140e-01 2.131647e-01 1.913385e-01 1.978957e-01 1.671914e-01 9.900026e-02 1.947688e-01 1.219215e-01 8.385267e-02 7.791882e-02 1.253964e-01 2.100861e-01 1.493357e-01 1.089192e-01 1.234925e-01 1.667011e-01 1.742297e-01 1.992157e-01 2.131647e-01 2.131647e-01 1.493865e-01 8.496102e-02 5.879644e-02 6.565294e-02 1.866204e-01 2.049755e-01 2.131647e-01 2.131647e-01 2.131647e-01 5.06 51
8.755352e-02 1.007798e-01 1.261730e-01 1.605694e-01 2.420082e-01 2.420082e-01 2.420082e-01 2.420082e-01 1.308009e-01 9.840406e-02 1.417533e-01 1.294963e-01 1.345972e-01 1.929689e-01 1.633294e-01 1.496430e-01 1.126207e-01 9.502263e-02 1.892817e-01 2.420082e-01 2.420082e-01 2.420082e-01 2.420082e-01 1.758077e-01 1.346208e-01 7.252979e-02 8.293719e-02 1.018420e-01 1.419271e-01 1.734387e-01 1.779753e-01 2.217593e-01 1.102800e-01 9.872106e-02 1.049274e-01 1.038110e-01 5.72 52
1.152323e-01 1.079838e-01 1.390539e-01 2.172450e-01 2.341937e-01 2.341937e-01 2.341937e-01 1.745006e-01 1.449878e-01 1.346468e-01 1.311714e-01 1.317663e-01 9.791656e-02 1.926896e-01 1.692308e-01 1.598072e-01 1.393165e-01 1.670521e-01 1.122980e-01 1.788896e-01 2.341937e-01 2.341937e-01 2.341937e-01 1.851621e-01 1.046828e-01 7.572678e-02 9.120173e-02 1.454545e-01 1.573234e-01 1.703324e-01 1.670058e-01 2.341937e-01 1.553045e-01 1.048306e-01 9.689666e-02 1.449312e-01 5.73 53
1.268044e-01 1.195876e-01 1.915794e-01 2.391117e-01 2.391117e-01 2.391117e-01 2.088057e-01 1.363643e-01 1.337082e-01 1.206821e-01 1.002912e-01 1.319447e-01 5.656438e-02 1.585439e-01 9.914321e-02 1.522607e-01 9.867163e-02 1.128283e-01 1.561464e-01 1.741881e-01 2.391117e-01 2.391117e-01 2.391117e-01 2.391117e-01 2.140905e-01 1.492221e-01 1.295876e-01 1.590937e-01 1.499659e-01 1.219321e-01 3.769492e-02 1.562372e-01 1.491978e-01 1.911795e-01 1.382461e-01 1.440051e-01 6.68 54
2.131244e-01 1.259983e-01 8.957566e-02 9.715226e-02 1.244558e-01 8.983821e-02 1.078479e-01 2.195416e-01 2.195416e-01 2.195416e-01 2.195416e-01 1.542071e-01 1.024100e-01 1.036789e-01 7.247696e-02 8.469360e-02 1.604726e-01 2.195416e-01 2.195416e-01 2.195416e-01 2.195416e-01 2.195416e-01 1.833227e-01 9.717563e-02 7.991441e-02 1.311203e-01 2.033917e-01 1.981256e-01 1.901196e-01 1.256844e-01 8.631750e-02 1.275704e-01 1.438780e-01 1.704447e-01 2.195416e-01 2.195416e-01 6.34 55
1.499458e-01 2.324812e-01 2.324812e-01 2.324812e-01 2.324812e-01 1.664628e-01 1.324488e-01 1.194137e-01 1.052461e-01 2.051446e-01 2.040509e-01 1.414581e-01 1.340448e-01 1.161091e-01 1.154517e-01 1.344683e-01 1.611896e-01 1.681953e-01 8.573920e-02 6.759200e-02 7.647991e-02 1.649151e-01 2.012780e-01 2.324812e-01 2.324812e-01 2.324812e-01 1.732839e-01 1.081589e-01 8.548114e-02 7.029253e-02 8.298828e-02 1.143419e-01 1.816809e-01 2.306449e-01 2.099382e-01 1.343068e-01 6.54 56
1.828366e-01 1.552529e-01 1.659079e-01 2.025836e-01 2.025836e-01 1.861064e-01 1.647526e-01 1.886705e-01 2.025836e-01 2.025836e-01 1.779045e-01 1.545520e-01 1.585885e-01 1.722193e-01 1.177685e-01 8.391219e-02 9.378126e-02 1.632103e-01 1.880428e-01 1.926818e-01 1.919180e-01 2.025836e-01 1.926301e-01 1.719816e-01 1.446290e-01 1.452968e-01 1.668302e-01 1.608675e-01 1.168582e-01 1.021587e-01 1.270560e-01 1.726873e-01 1.501373e-01 1.519987e-01 1.661249e-01 1.750291e-01 5.96 57
1.441704e-01 1.897219e-01 2.339404e-01 2.339404e-01 2.339404e-01 2.339404e-01 1.103730e-01 9.723871e-02 1.226094e-01 2.301729e-01 2.339404e-01 2.339404e-01 1.364723e-01 1.120586e-01 7.277218e-02 7.425331e-02 7.582851e-02 1.267181e-01 1.822630e-01 1.622354e-01 1.133005e-01 1.297642e-01 2.339404e-01 2.339404e-01 1.518016e-01 1.343379e-01 1.346462e-01 1.136681e-01 7.520705e-02 6.342167e-02 5.981935e-02 1.008638e-01 1.254582e-01 2.048507e-01 2.339404e-01 2.339404e-01 5.53 58
1.577045e-01 1.733098e-01 1.951382e-01 2.194015e-01 2.194015e-01 2.194015e-01 2.194015e-01 2.194015e-01 1.990770e-01 1.372196e-01 1.144530e-01 1.334613e-01 1.532276e-01 1.755649e-01 1.158430e-01 1.079543e-01 1.186835e-01 1.985671e-01 1.236553e-01 1.908319e-01 2.194015e-01 2.194015e-01 2.194015e-01 2.194015e-01 2.091775e-01 1.331403e-01 9.785058e-02 1.163308e-01 9.612679e-02 1.032176e-01 1.186225e-01 1.707965e-01 1.042488e-01 1.312748e-01 1.104286e-01 1.085795e-01 6.09 59
2.200675e-01 2.200675e-01 2.200675e-01 2.200675e-01 2.099791e-01 1.600504e-01 1.889268e-01 2.001297e-01 1.947525e-01 1.512043e-01 2.200675e-01 2.200675e-01 1.197388e-01 1.279493e-01 1.042598e-01 9.180480e-02 7.345637e-02 7.852156e-02 1.813047e-01 9.863035e-02 1.186642e-01 1.510765e-01 1.492883e-01 1.323987e-01 2.200675e-01 2.200675e-01 2.200675e-01 7.712957e-02 5.297093e-02 5.899885e-02 5.036303e-02 1.219850e-01 1.330167e-01 2.078877e-01 2.200675e-01 1.949521e-01 5.44 60
1.128832e-01 1.631368e-01 2.201247e-01 2.389861e-01 2.389861e-01 2.389861e-01 2.332507e-01 1.632167e-01 1.421979e-01 1.145505e-01 1.291330e-01 1.472658e-01 1.343556e-01 1.496857e-01 7.209836e-02 7.646959e-02 8.407815e-02 1.085317e-01 1.139065e-01 1.242082e-01 1.802651e-01 2.389861e-01 2.389861e-01 2.389861e-01 2.389861e-01 2.389861e-01 1.592915e-01 9.311512e-02 6.133567e-02 6.973625e-02 7.956184e-02 1.226104e-01 1.138073e-01 1.785354e-01 2.060778e-01 1.412322e-01 5.43 61
2.265371e-01 2.265371e-01 2.265371e-01 2.265371e-01 2.265371e-01 1.307455e-01 8.964641e-02 1.076462e-01 2.265371e-01 2.152668e-01 2.265371e-01 1.959203e-01 1.144546e-01 1.368308e-01 7.171433e-02 6.492125e-02 6.068362e-02 1.129400e-01 2.096367e-01 1.162287e-01 1.016104e-01 1.478582e-01 2.265371e-01 2.265371e-01 2.019532e-01 1.648842e-01 2.265371e-01 1.223346e-01 6.316948e-02 6.551679e-02 6.971317e-02 1.512742e-01 1.466672e-01 1.569496e-01 1.565788e-01 1.687564e-01 5.15 62
2.089223e-01 2.089223e-01 2.013664e-01 1.926675e-01 2.089223e-01 1.903061e-01 1.744493e-01 2.009258e-01 1.828396e-01 2.089223e-01 1.543027e-01 1.043801e-01 7.758950e-02 8.917158e-02 7.469893e-02 1.065052e-01 1.588721e-01 2.089223e-01 1.820632e-01 1.785931e-01 1.736457e-01 1.191820e-01 1.650150e-01 2.089223e-01 2.089223e-01 2.089223e-01 2.076669e-01 2.089223e-01 1.462781e-01 9.725698e-02 5.461401e-02 7.800530e-02 5.918563e-02 1.031305e-01 1.440045e-01 2.089223e-01 5.37 63
1.599351e-01 1.107860e-01 1.054859e-01 1.416892e-01 2.193520e-01 2.193520e-01 2.193520e-01 2.193520e-01 2.113322e-01 1.407337e-01 1.364871e-01 1.296730e-01 1.280293e-01 1.540674e-01 1.313412e-01 1.032062e-01 1.093734e-01 1.349403e-01 1.647373e-01 1.580865e-01 1.649071e-01 2.180928e-01 2.193520e-01 2.193520e-01 2.193520e-01 2.193520e-01 1.884986e-01 1.073468e-01 6.993401e-02 6.438355e-02 7.328852e-02 1.367976e-01 1.590251e-01 1.924437e-01 2.193520e-01 1.743710e-01 6.22 64
1.586128e-01 1.578577e-01 1.602975e-01 1.356228e-01 2.021119e-01 2.183717e-01 2.183717e-01 2.183717e-01 1.946441e-01 1.493035e-01 1.090953e-01 1.050934e-01 6.627181e-02 1.411752e-01 8.878437e-02 1.150871e-01 1.220694e-01 1.621801e-01 2.183717e-01 2.183717e-01 2.183717e-01 1.694602e-01 1.870118e-01 2.071744e-01 2.183717e-01 2.183717e-01 2.183717e-01 2.007920e-01 1.309014e-01 1.205154e-01 7.017929e-02 1.091923e-01 8.472266e-02 1.062386e-01 1.226191e-01 1.926014e-01 6.62 65
2.309526e-01 2.140111e-01 1.479978e-01 1.302828e-01 1.636631e-01 1.086563e-01 1.134341e-01 2.268909e-01 2.309526e-01 1.967498e-01 1.802411e-01 1.702599e-01 1.004477e-01 1.212913e-01 4.128717e-02 7.513571e-02 9.196657e-02 1.593552e-01 2.301758e-01 1.603495e-01 1.752545e-01 2.309526e-01 2.309526e-01 1.926336e-01 1.537408e-01 1.594594e-01 2.309526e-01 2.309526e-01 1.466446e-01 1.114942e-01 9.096750e-02 1.274890e-01 5.882263e-02 8.956485e-02 1.187329e-01 2.157265e-01 6.34 66
7.438102e-02 1.161563e-01 2.043336e-01 2.416098e-01 2.416098e-01 2.416098e-01 1.608505e-01 1.156215e-01 8.264452e-02 8.264352e-02 1.204248e-01 1.745765e-01 1.905622e-01 1.821864e-01 1.251954e-01 1.115190e-01 8.676839e-02 6.767192e-02 1.309424e-01 1.057644e-01 1.543906e-01 2.416098e-01 2.416098e-01 2.416098e-01 2.416098e-01 2.109424e-01 1.771187e-01 8.495691e-02 8.473859e-02 8.339189e-02 1.056225e-01 1.461179e-01 1.708632e-01 2.378116e-01 1.952931e-01 1.311778e-01 5.6 67
7.832146e-02 8.038170e-02 1.019115e-01 2.113626e-01 2.604785e-01 2.604785e-01 2.604785e-01 1.811054e-01 9.604738e-02 9.738913e-02 1.223409e-01 1.469735e-01 1.722409e-01 2.604785e-01 2.370142e-01 1.049863e-01 7.475197e-02 7.441854e-02 5.375130e-02 6.930483e-02 1.933531e-01 2.604785e-01 2.604785e-01 2.604785e-01 1.217262e-01 8.484300e-02 6.175226e-02 6.922162e-02 5.209550e-02 7.746635e-02 1.406578e-01 2.604785e-01 2.356136e-01 1.178399e-01 1.096919e-01 8.861852e-02 5.98 68
1.320893e-01 1.266143e-01 1.821571e-01 2.489508e-01 2.489508e-01 2.489508e-01 2.489508e-01 1.947692e-01 1.367592e-01 1.075079e-01 6.995630e-02 1.158638e-01 1.169420e-01 2.489508e-01 7.884293e-02 1.139297e-01 9.043517e-02 1.122635e-01 1.421130e-01 1.202347e-01 1.544727e-01 1.926259e-01 2.489508e-01 2.489508e-01 2.489508e-01 1.613559e-01 1.317844e-01 1.210911e-01 7.436735e-02 1.051171e-01 9.365729e-02 2.489508e-01 1.337137e-01 1.272316e-01 9.012289e-02 1.189851e-01 5.67 69
2.311954e-01 2.311954e-01 1.947547e-01 1.714784e-01 1.625176e-01 1.239289e-01 1.443859e-01 1.501359e-01 2.311954e-01 2.311954e-01 1.845554e-01 9.714018e-02 6.192872e-02 9.185406e-02 8.019953e-02 9.088649e-02 9.196854e-02 1.479440e-01 2.311954e-01 2.311954e-01 2.311954e-01 1.965787e-01 2.105655e-01 1.753621e-01 1.992975e-01 2.123815e-01 2.311954e-01 1.480573e-01 9.570089e-02 7.142582e-02 3.966280e-02 8.693406e-02 6.573861e-02 1.149127e-01 1.600201e-01 1.791257e-01 7.1 70
1.948430e-01 1.640310e-01 1.681856e-01 2.199883e-01 2.199883e-01 2.199883e-01 1.538799e-01 1.868453e-01 2.077127e-01 1.767340e-01 1.414642e-01 1.194077e-01 1.146153e-01 1.713517e-01 9.105123e-02 8.437300e-02 9.605282e-02 1.369665e-01 2.199883e-01 2.199883e-01 2.199883e-01 2.199883e-01 2.199883e-01 2.199883e-01 1.528266e-01 1.303677e-01 1.480877e-01 1.529384e-01 1.089434e-01 8.544645e-02 8.224608e-02 1.578565e-01 1.420388e-01 1.397100e-01 1.436678e-01 1.459356e-01 3.42 71
2.155917e-01 2.169168e-01 2.169168e-01 2.166843e-01 2.169168e-01 1.714339e-01 1.739675e-01 1.659403e-01 1.933769e-01 1.776645e-01 8.711948e-02 8.500496e-02 6.027678e-02 1.248605e-01 9.069669e-02 1.209978e-01 1.294992e-01 1.943237e-01 2.169168e-01 2.169168e-01 2.169168e-01 2.118306e-01 1.893739e-01 1.757056e-01 2.169168e-01 1.629725e-01 1.875647e-01 1.507262e-01 1.040514e-01 1.473016e-01 1.015608e-01 1.418945e-01 7.695589e-02 1.154993e-01 1.043492e-01 1.428993e-01 5.47 72
1.294542e-01 1.237090e-01 1.760754e-01 2.664319e-01 2.664319e-01 2.664319e-01 2.291549e-01 1.938696e-01 1.361597e-01 1.218258e-01 7.694614e-02 9.610194e-02 1.367901e-01 1.597564e-01 7.796816e-02 9.498803e-02 1.236823e-01 1.383147e-01 8.062863e-02 9.260200e-02 1.469603e-01 2.664319e-01 2.664319e-01 2.664319e-01 2.523202e-01 1.653326e-01 1.131248e-01 1.083580e-01 7.796901e-02 9.332000e-02 1.174865e-01 2.192836e-01 1.504538e-01 1.084086e-01 6.478193e-02 1.055778e-01 5.26 73
6.479413e-02 8.442555e-02 1.647696e-01 2.847751e-01 2.847751e-01 2.847751e-01 2.847751e-01 1.557547e-01 6.953094e-02 6.321225e-02 5.170701e-02 1.018250e-01 1.307450e-01 1.864279e-01 9.423152e-02 6.731602e-02 4.595992e-02 6.352326e-02 9.588417e-02 1.521405e-01 2.847751e-01 2.847751e-01 2.847751e-01 2.847751e-01 1.623542e-01 1.013526e-01 8.531468e-02 6.564730e-02 6.208581e-02 1.002771e-01 1.240687e-01 2.262534e-01 1.383032e-01 8.652619e-02 5.707438e-02 6.545210e-02 5.02 74
1.335243e-01 1.449077e-01 1.238788e-01 1.222799e-01 2.741997e-01 2.741997e-01 2.741997e-01 1.514167e-01 1.417787e-01 1.103989e-01 1.875367e-01 1.376986e-01 9.246697e-02 1.764513e-01 1.896010e-01 1.367798e-01 1.026192e-01 9.164258e-02 1.656603e-01 1.742802e-01 8.770910e-02 1.328520e-01 2.741997e-01 2.741997e-01 2.741997e-01 1.466723e-01 1.098609e-01 1.136794e-01 7.993615e-02 5.359434e-02 4.012366e-02 1.080716e-01 1.318061e-01 1.439703e-01 1.871156e-01 1.783657e-01 6.98 75
2.312812e-01 2.312812e-01 2.312812e-01 2.312812e-01 1.336219e-01 9.679940e-02 1.300948e-01 1.467566e-01 1.777584e-01 1.643898e-01 1.546523e-01 1.472350e-01 1.180672e-01 1.068223e-01 6.170524e-02 1.345063e-01 1.953192e-01 1.805468e-01 2.312812e-01 2.312812e-01 2.032815e-01 1.866444e-01 1.544129e-01 1.077698e-01 1.219477e-01 1.569175e-01 1.941054e-01 2.097649e-01 1.354414e-01 9.689103e-02 8.117491e-02 1.074006e-01 7.241078e-02 1.258264e-01 2.066346e-01 2.207540e-01 4.74 76
1.683600e-01 2.169833e-01 2.169833e-01 2.088172e-01 2.169833e-01 2.169833e-01 1.741842e-01 1.142827e-01 1.221105e-01 1.454814e-01 1.581348e-01 1.704007e-01 1.499373e-01 1.602103e-01 1.204262e-01 9.018340e-02 8.598959e-02 1.107746e-01 1.388791e-01 9.914874e-02 9.900488e-02 1.489408e-01 2.169833e-01 2.169833e-01 2.169833e-01 2.169833e-01 2.169833e-01 1.020082e-01 8.393607e-02 8.882050e-02 1.124552e-01 1.696067e-01 2.161557e-01 2.169833e-01 1.991516e-01 1.379249e-01 4.94 77
1.470755e-01 1.958078e-01 2.326063e-01 2.326063e-01 2.326063e-01 2.326063e-01 2.229481e-01 1.449081e-01 1.164674e-01 1.226647e-01 1.137144e-01 1.367287e-01 8.450494e-02 1.599801e-01 6.614251e-02 1.086971e-01 9.983676e-02 1.192501e-01 1.602279e-01 1.759526e-01 2.326063e-01 2.326063e-01 2.326063e-01 2.326063e-01 2.326063e-01 1.975336e-01 1.487335e-01 1.401664e-01 1.052809e-01 1.144655e-01 7.495148e-02 1.561601e-01 8.721326e-02 1.417225e-01 1.088751e-01 1.336700e-01 4.91 78
1.429869e-01 1.423622e-01 1.529422e-01 2.197978e-01 2.275448e-01 2.275448e-01 2.275448e-01 2.275448e-01 1.475676e-01 1.135654e-01 1.100308e-01 1.192235e-01 1.479227e-01 2.004745e-01 1.144687e-01 7.081866e-02 6.827384e-02 9.372348e-02 1.857409e-01 2.275448e-01 2.275448e-01 2.275448e-01 2.275448e-01 2.188746e-01 1.569470e-01 1.333456e-01 1.382166e-01 7.300963e-02 8.181385e-02 1.226358e-01 1.964067e-01 2.275448e-01 1.693461e-01 1.068881e-01 9.589929e-02 9.002239e-02 5.94 79
9.233461e-02 8.977391e-02 2.225705e-01 2.570146e-01 2.570146e-01 2.004453e-01 1.226817e-01 1.019101e-01 1.047177e-01 1.120607e-01 1.976065e-01 2.570146e-01 2.570146e-01 1.434959e-01 8.895940e-02 8.053178e-02 6.603759e-02 7.975837e-02 6.772421e-02 6.764374e-02 1.001760e-01 1.733816e-01 2.570146e-01 2.570146e-01 2.570146e-01 1.470714e-01 8.521927e-02 6.317718e-02 5.102966e-02 7.083866e-02 7.425664e-02 1.313406e-01 1.733671e-01 2.570146e-01 2.570146e-01 1.512758e-01 6.94 80
6.877181e-02 8.486032e-02 9.879939e-02 2.346903e-01 2.346903e-01 2.346903e-01 2.346903e-01 1.084261e-01 9.815027e-02 1.027162e-01 1.709218e-01 1.588760e-01 2.346903e-01 2.346903e-01 1.273644e-01 7.451703e-02 6.660365e-02 7.567298e-02 1.048516e-01 1.027565e-01 1.677511e-01 2.175946e-01 2.346903e-01 2.346903e-01 2.336583e-01 1.202357e-01 1.173198e-01 6.783213e-02 5.343100e-02 6.295010e-02 1.421560e-01 2.346903e-01 2.129959e-01 1.957732e-01 2.209942e-01 1.422725e-01 5.6 81
1.400475e-01 1.767055e-01 2.520841e-01 2.520841e-01 2.520841e-01 1.931700e-01 1.719792e-01 1.053231e-01 1.108422e-01 7.520070e-02 5.275904e-02 1.045971e-01 5.204874e-02 2.403279e-01 5.816394e-02 1.184176e-01 6.928438e-02 7.949817e-02 1.299482e-01 1.207594e-01 1.418110e-01 1.837465e-01 2.520841e-01 2.520841e-01 2.520841e-01 2.520841e-01 1.920286e-01 1.000129e-01 3.695966e-02 6.066661e-02 2.239267e-02 1.456184e-01 7.617643e-02 2.502486e-01 2.396766e-01 1.443945e-01 4.56 82
1.220518e-01 7.819466e-02 9.531336e-02 1.774545e-01 2.268974e-01 2.268974e-01 2.268974e-01 2.268974e-01 2.022818e-01 1.444563e-01 7.579639e-02 9.609114e-02 9.584647e-02 2.268974e-01 1.334819e-01 1.609256e-01 1.603922e-01 1.919559e-01 2.064876e-01 2.015085e-01 2.268974e-01 2.268974e-01 2.268974e-01 1.920885e-01 1.502160e-01 1.298568e-01 1.720880e-01 1.141533e-01 9.413121e-02 1.108558e-01 8.941141e-02 2.268974e-01 1.137830e-01 1.222277e-01 9.517549e-02 1.205492e-01 6.18 83
1.942655e-01 1.319226e-01 1.491178e-01 2.293765e-01 2.293765e-01 2.293765e-01 2.293765e-01 2.076847e-01 2.237627e-01 1.566546e-01 1.218808e-01 1.168558e-01 1.102646e-01 1.910433e-01 1.021299e-01 9.412669e-02 9.096121e-02 1.365055e-01 1.370967e-01 2.014969e-01 2.293765e-01 2.293765e-01 2.293765e-01 2.293765e-01 2.047065e-01 1.670906e-01 1.269352e-01 9.214862e-02 6.743521e-02 6.711592e-02 6.552395e-02 1.511386e-01 1.322325e-01 1.540087e-01 1.288551e-01 1.130674e-01 6.41 84
7.830069e-02 7.272910e-02 1.586572e-01 3.036526e-01 3.036526e-01 2.373235e-01 1.108036e-01 7.724671e-02 8.123803e-02 1.258204e-01 7.232695e-02 9.512855e-02 1.410548e-01 3.036526e-01 5.959611e-02 9.303689e-02 8.005824e-02 1.305560e-01 1.034305e-01 7.050246e-02 9.461845e-02 2.010706e-01 3.036526e-01 3.036526e-01 1.900492e-01 1.419537e-01 1.209722e-01 1.579638e-01 8.922727e-02 1.116656e-01 1.140706e-01 3.036526e-01 1.095622e-01 9.142535e-02 6.861166e-02 1.546656e-01 4.97 85
1.124275e-01 1.583509e-01 2.439037e-01 2.450999e-01 2.450999e-01 2.450999e-01 2.450999e-01 1.544472e-01 9.988431e-02 9.821209e-02 1.214188e-01 1.522944e-01 1.282721e-01 1.809902e-01 1.123255e-01 8.679602e-02 6.441704e-02 7.909648e-02 1.538713e-01 2.450999e-01 2.450999e-01 2.450999e-01 2.450999e-01 2.450999e-01 1.919495e-01 1.123186e-01 1.153358e-01 8.307190e-02 7.026801e-02 8.835585e-02 8.319362e-02 1.726708e-01 1.601999e-01 1.334980e-01 8.080996e-02 9.007446e-02 5.83 86
1.702099e-01 1.967042e-01 2.253215e-01 2.253215e-01 2.253215e-01 1.361891e-01 1.064238e-01 1.254075e-01 1.422088e-01 2.253215e-01 1.693220e-01 1.701956e-01 1.577260e-01 2.180007e-01 7.513607e-02 7.422002e-02 8.886856e-02 1.904631e-01 1.427454e-01 1.242860e-01 1.386056e-01 1.773402e-01 2.253215e-01 2.253215e-01 1.480672e-01 1.238432e-01 1.469433e-01 2.253215e-01 1.109423e-01 9.965821e-02 1.087365e-01 2.111249e-01 1.104506e-01 1.239369e-01 1.531438e-01 2.253215e-01 6.58 87
1.408752e-01 1.328264e-01 1.610729e-01 1.934032e-01 2.479843e-01 2.479843e-01 2.479843e-01 2.479843e-01 1.588705e-01 8.256722e-02 8.657787e-02 1.017416e-01 1.213629e-01 2.058024e-01 1.245189e-01 8.495252e-02 6.408514e-02 7.399639e-02 1.669984e-01 2.479843e-01 2.479843e-01 2.479843e-01 2.479843e-01 2.479843e-01 1.337780e-01 1.028982e-01 1.211740e-01 1.096619e-01 1.231187e-01 1.680925e-01 1.617872e-01 1.716307e-01 9.668481e-02 6.874245e-02 5.598735e-02 8.407259e-02 6.24 88
8.283272e-02 1.337280e-01 1.854469e-01 2.190553e-01 2.257912e-01 2.257912e-01 2.257912e-01 2.257912e-01 1.454084e-01 8.659856e-02 2.257912e-01 2.257912e-01 2.257912e-01 1.465597e-01 7.818469e-02 5.095086e-02 4.472633e-02 5.471755e-02 1.293601e-01 2.257912e-01 2.170646e-01 1.551643e-01 2.099527e-01 2.257912e-01 2.236504e-01 1.555172e-01 1.064602e-01 7.515811e-02 8.643618e-02 1.326946e-01 1.132332e-01 1.222238e-01 1.557231e-01 1.789633e-01 1.569480e-01 1.152120e-01 5.84 89
2.315671e-01 2.050328e-01 1.124725e-01 9.185711e-02 1.405559e-01 2.238564e-01 2.315671e-01 2.315671e-01 2.315671e-01 2.315671e-01 1.973332e-01 1.465388e-01 1.468764e-01 1.600075e-01 9.966656e-02 8.155199e-02 9.049489e-02 1.778298e-01 2.236435e-01 2.315671e-01 2.315671e-01 1.506836e-01 1.333600e-01 1.511036e-01 1.303635e-01 1.314024e-01 2.074483e-01 1.061670e-01 9.347396e-02 8.934023e-02 9.833297e-02 1.528278e-01 1.401123e-01 1.477570e-01 1.286349e-01 1.341445e-01 5.45 90
8.868679e-02 9.865917e-02 2.370998e-01 2.838352e-01 2.838352e-01 2.838352e-01 1.883844e-01 1.059647e-01 8.411492e-02 7.412591e-02 5.456746e-02 1.111004e-01 1.621207e-01 2.270012e-01 1.159686e-01 9.002762e-02 5.464873e-02 7.121374e-02 1.269044e-01 1.063792e-01 1.790206e-01 2.838352e-01 2.838352e-01 2.838352e-01 2.207692e-01 9.232631e-02 1.086609e-01 8.059582e-02 7.028544e-02 7.214783e-02 8.826048e-02 2.250321e-01 1.726288e-01 1.338901e-01 6.727483e-02 7.009849e-02 5.42 91
1.387419e-01 1.508290e-01 1.713126e-01 2.251139e-01 2.377325e-01 2.377325e-01 2.377325e-01 1.920905e-01 1.583939e-01 1.262565e-01 1.135210e-01 9.638333e-02 1.028313e-01 1.415680e-01 1.432754e-01 1.328799e-01 1.307532e-01 1.352239e-01 1.542802e-01 2.006747e-01 2.377325e-01 2.377325e-01 2.377325e-01 2.377325e-01 1.954348e-01 1.252233e-01 1.216495e-01 1.343370e-01 1.356576e-01 1.265359e-01 1.290152e-01 1.561493e-01 1.263739e-01 1.059143e-01 1.044415e-01 1.172214e-01 5.21 92
2.152340e-01 1.875889e-01 1.407000e-01 1.267449e-01 1.247973e-01 1.394984e-01 1.883232e-01 1.832886e-01 2.152340e-01 2.139876e-01 2.152340e-01 1.887146e-01 1.353964e-01 1.223291e-01 1.044868e-01 1.216220e-01 1.087454e-01 1.387350e-01 2.152340e-01 1.580543e-01 1.222731e-01 1.515924e-01 1.603800e-01 1.498655e-01 2.039443e-01 2.152340e-01 2.152340e-01 1.437626e-01 9.541987e-02 7.881734e-02 7.860194e-02 1.148497e-01 1.685247e-01 2.152340e-01 2.152340e-01 2.152340e-01 6.45 93
1.064482e-01 1.200460e-01 1.755890e-01 2.593802e-01 2.593802e-01 2.593802e-01 1.329902e-01 1.007493e-01 1.087624e-01 1.046297e-01 1.266290e-01 1.913120e-01 2.009947e-01 2.593802e-01 2.249727e-01 9.086912e-02 5.851542e-02 8.851966e-02 1.148072e-01 1.097715e-01 1.138771e-01 2.010048e-01 2.593802e-01 2.593802e-01 1.657462e-01 1.232238e-01 1.225276e-01 9.706908e-02 6.083158e-02 7.831868e-02 9.613903e-02 2.593802e-01 2.419647e-01 1.289457e-01 8.723479e-02 1.055878e-01 4.86 94
2.169595e-01 2.169595e-01 1.707091e-01 2.169595e-01 2.169595e-01 2.169595e-01 1.652835e-01 1.544715e-01 2.169595e-01 2.169595e-01 2.169595e-01 1.512247e-01 1.011869e-01 1.459888e-01 8.413585e-02 9.164445e-02 1.000967e-01 1.534171e-01 1.262511e-01 1.545958e-01 1.861399e-01 1.960090e-01 2.169595e-01 1.997556e-01 2.003977e-01 1.656115e-01 1.313247e-01 1.268178e-01 1.333187e-01 1.242307e-01 9.451191e-02 1.613898e-01 1.039553e-01 1.287095e-01 1.425605e-01 1.515725e-01 3.98 95
1.731643e-01 2.214258e-01 2.214258e-01 2.214258e-01 2.214258e-01 1.912729e-01 1.641822e-01 2.160400e-01 1.837466e-01 1.624685e-01 1.806940e-01 1.633894e-01 1.333818e-01 1.230431e-01 8.003315e-02 9.690616e-02 1.220002e-01 1.626569e-01 1.332358e-01 1.345110e-01 1.186591e-01 1.756826e-01 2.214258e-01 2.214258e-01 2.214258e-01 2.072381e-01 1.402973e-01 9.358528e-02 8.094089e-02 8.203655e-02 9.036682e-02 1.511717e-01 1.422509e-01 2.060856e-01 1.795165e-01 1.249353e-01 4.1 96
2.439877e-01 1.962585e-01 1.407755e-01 8.704930e-02 1.687676e-01 1.176113e-01 1.715057e-01 1.757621e-01 2.312831e-01 2.439877e-01 2.439877e-01 1.325558e-01 4.399453e-02 9.488707e-02 3.878991e-02 9.825224e-02 1.339422e-01 2.439877e-01 2.222571e-01 1.580685e-01 1.642229e-01 1.282558e-01 2.030917e-01 1.251075e-01 1.629473e-01 1.611782e-01 2.206873e-01 2.439877e-01 1.662200e-01 1.220609e-01 3.384942e-02 1.054175e-01 3.043055e-02 1.091996e-01 1.400502e-01 2.439877e-01 5.95 97
2.019241e-01 2.133945e-01 2.133945e-01 2.133945e-01 2.133945e-01 2.133945e-01 1.649172e-01 1.348233e-01 1.735317e-01 1.358260e-01 1.879313e-01 2.053308e-01 1.451647e-01 1.158432e-01 9.428412e-02 7.241151e-02 6.487040e-02 8.210253e-02 1.369682e-01 1.108562e-01 1.394855e-01 1.853681e-01 2.133945e-01 2.133945e-01 2.133945e-01 2.133945e-01 2.133945e-01 7.757718e-02 6.290969e-02 6.517933e-02 7.780384e-02 1.174496e-01 1.862288e-01 2.133945e-01 2.133945e-01 1.678381e-01 5.51 98
2.224386e-01 2.224386e-01 2.218235e-01 2.224386e-01 1.901360e-01 1.682265e-01 1.553634e-01 1.231956e-01 2.106061e-01 1.814286e-01 1.785404e-01 1.260039e-01 1.341013e-01 1.526810e-01 9.904721e-02 8.656715e-02 8.237834e-02 1.312455e-01 1.865688e-01 1.426437e-01 2.044706e-01 2.224386e-01 2.224386e-01 2.224386e-01 2.081392e-01 1.418018e-01 1.732581e-01 1.583940e-01 9.911796e-02 8.141774e-02 1.052102e-01 1.455465e-01 1.260359e-01 1.196451e-01 1.336688e-01 1.739103e-01 6.44 99
2.167226e-01 2.013449e-01 2.189564e-01 2.189564e-01 2.189564e-01 2.189564e-01 2.189564e-01 1.599751e-01 1.716533e-01 1.488983e-01 1.738183e-01 1.814414e-01 1.511696e-01 1.390506e-01 9.003621e-02 9.223373e-02 8.995681e-02 1.166530e-01 1.936315e-01 1.539015e-01 1.861762e-01 2.189564e-01 2.189564e-01 1.779586e-01 1.605134e-01 1.543912e-01 1.778925e-01 1.089944e-01 7.750756e-02 7.625975e-02 8.057532e-02 1.406216e-01 1.368760e-01 1.812666e-01 1.679019e-01 1.323848e-01 7.09 100
1.065460e-01 1.188997e-01 1.152595e-01 1.698511e-01 2.326816e-01 2.326816e-01 2.326816e-01 1.440499e-01 1.013147e-01 1.248639e-01 1.549139e-01 1.550744e-01 1.151176e-01 1.600930e-01 1.222377e-01 1.069835e-01 1.097112e-01 1.181626e-01 1.162573e-01 5.890862e-02 9.206105e-02 1.611799e-01 2.326816e-01 2.326816e-01 2.326816e-01 2.234673e-01 2.143747e-01 9.467710e-02 8.183911e-02 1.101068e-01 9.620743e-02 1.822827e-01 2.326816e-01 2.326816e-01 2.200550e-01 2.174941e-01 5.95 101
9.689864e-02 1.567710e-01 2.310730e-01 2.543395e-01 2.543395e-01 2.543395e-01 1.101842e-01 6.008080e-02 5.765555e-02 6.208709e-02 1.339673e-01 2.194445e-01 1.723236e-01 2.092125e-01 6.770288e-02 4.541311e-02 2.333312e-02 3.890962e-02 7.644831e-02 8.334462e-02 1.723016e-01 2.543395e-01 2.543395e-01 2.543395e-01 2.543395e-01 1.667285e-01 8.233327e-02 6.803609e-02 2.797762e-02 5.225595e-02 7.545669e-02 2.043843e-01 1.598653e-01 2.444411e-01 2.370193e-01 1.202716e-01 6.49 102
1.569116e-01 8.974717e-02 1.117218e-01 1.502335e-01 1.564887e-01 1.945952e-01 2.301517e-01 2.301517e-01 2.301517e-01 2.301517e-01 2.126260e-01 8.952300e-02 7.100843e-02 9.395047e-02 1.315791e-01 9.170572e-02 1.409587e-01 2.301517e-01 2.301517e-01 2.301517e-01 2.301517e-01 1.942639e-01 1.137972e-01 6.811208e-02 6.287032e-02 9.444451e-02 1.949160e-01 2.301517e-01 1.292313e-01 8.427849e-02 7.034381e-02 1.021499e-01 2.045142e-01 1.327932e-01 1.506451e-01 2.301517e-01 6.55 103
2.287725e-01 2.287725e-01 2.287725e-01 2.287725e-01 2.059103e-01 1.120390e-01 1.011125e-01 8.222049e-02 1.403561e-01 1.692049e-01 1.910454e-01 1.752435e-01 1.001484e-01 1.589982e-01 1.018166e-01 1.236866e-01 1.118327e-01 1.395474e-01 1.145681e-01 1.133274e-01 1.609401e-01 2.052398e-01 2.287725e-01 2.287725e-01 2.287725e-01 1.702983e-01 1.567682e-01 1.027041e-01 7.434372e-02 8.846644e-02 8.563618e-02 2.287725e-01 2.218460e-01 1.992327e-01 1.345604e-01 1.226888e-01 5.99 104
1.156764e-01 1.493919e-01 2.020079e-01 2.467462e-01 2.467462e-01 2.467462e-01 2.100561e-01 1.733333e-01 1.247388e-01 1.793957e-01 1.558033e-01 1.005143e-01 1.061581e-01 1.306628e-01 7.797832e-02 8.897849e-02 1.623573e-01 1.915353e-01 1.537901e-01 1.847322e-01 2.069516e-01 2.467462e-01 2.467462e-01 1.897986e-01 1.332853e-01 1.190257e-01 1.225962e-01 2.146134e-01 8.685996e-02 8.358666e-02 1.012831e-01 1.214565e-01 7.825531e-02 8.474553e-02 1.184052e-01 2.467462e-01 6.73 105
7.029853e-02 5.791058e-02 7.682018e-02 9.328894e-02 2.245617e-01 2.245617e-01 2.245617e-01 2.139736e-01 1.053007e-01 1.188939e-01 1.718436e-01 1.721967e-01 1.836720e-01 2.245617e-01 2.170264e-01 1.688150e-01 1.256980e-01 9.797700e-02 1.028713e-01 1.898167e-01 1.750578e-01 1.728482e-01 2.245617e-01 2.245617e-01 1.785541e-01 1.218508e-01 7.983790e-02 8.046909e-02 9.162939e-02 8.703689e-02 1.152491e-01 2.245617e-01 2.245617e-01 2.245617e-01 2.245617e-01 1.092207e-01 6.15 106
7.641754e-02 2.562442e-01 2.562442e-01 2.562442e-01 2.562442e-01 1.153779e-01 3.043739e-02 2.116696e-02 2.525929e-02 1.284368e-01 2.562442e-01 2.562442e-01 2.562442e-01 1.887721e-01 5.454069e-02 1.750297e-02 2.295664e-02 5.495084e-02 1.075726e-01 1.397223e-01 2.256244e-01 2.562442e-01 2.562442e-01 1.268803e-01 2.736827e-02 1.773408e-02 2.735981e-02 4.044437e-02 1.604605e-01 2.562442e-01 2.562442e-01 2.562442e-01 6.347235e-02 1.587538e-02 1.070899e-02 1.592521e-02 5.33 107
1.491864e-01 1.752678e-01 2.449514e-01 2.449514e-01 2.449514e-01 2.449514e-01 2.070365e-01 1.286602e-01 1.274558e-01 1.294875e-01 8.478248e-02 1.426350e-01 5.710055e-02 2.271847e-01 6.933068e-02 1.226875e-01 7.118513e-02 1.266863e-01 1.328040e-01 1.202410e-01 2.003005e-01 2.041707e-01 2.449514e-01 2.449514e-01 2.449514e-01 1.770075e-01 1.435972e-01 1.453465e-01 6.606324e-02 1.025858e-01 3.238017e-02 1.974414e-01 4.893394e-02 1.689178e-01 1.192781e-01 1.554075e-01 5.21 108
2.174229e-01 1.600492e-01 1.396446e-01 1.902443e-01 2.174229e-01 2.174229e-01 2.174229e-01 2.174229e-01 2.174229e-01 1.444132e-01 1.086240e-01 1.031818e-01 1.089310e-01 1.605811e-01 1.133161e-01 8.692321e-02 9.654993e-02 1.401939e-01 2.174229e-01 2.174229e-01 2.174229e-01 2.174229e-01 2.174229e-01 2.091196e-01 1.488430e-01 1.476190e-01 2.051213e-01 1.355535e-01 1.053144e-01 8.543340e-02 9.985444e-02 1.739256e-01 1.376076e-01 1.074927e-01 1.119070e-01 1.364347e-01 4.35 109
2.193516e-01 2.193516e-01 2.193516e-01 2.122928e-01 1.741792e-01 1.331995e-01 1.446701e-01 2.173551e-01 2.193516e-01 1.428658e-01 1.394041e-01 1.531902e-01 1.540691e-01 1.581672e-01 7.997978e-02 8.620182e-02 8.626947e-02 1.190834e-01 2.193516e-01 2.193516e-01 2.193516e-01 1.939267e-01 1.929023e-01 1.730910e-01 1.914534e-01 1.800095e-01 1.957842e-01 1.764082e-01 1.274328e-01 1.051473e-01 9.267683e-02 1.399067e-01 8.837511e-02 9.226751e-02 1.055008e-01 1.677967e-01 4.79 110
6.172872e-02 9.796594e-02 1.382195e-01 2.767722e-01 2.767722e-01 2.767722e-01 2.767722e-01 1.336255e-01 6.753231e-02 1.567277e-01 1.705161e-01 1.342944e-01 1.670263e-01 1.828393e-01 7.120457e-02 6.688956e-02 8.092148e-02 1.183229e-01 5.839506e-02 1.180194e-01 2.767722e-01 2.767722e-01 2.767722e-01 2.767722e-01 1.237671e-01 4.913304e-02 4.166094e-02 1.149662e-01 1.140214e-01 1.074405e-01 1.193361e-01 2.164967e-01 1.287427e-01 7.417115e-02 6.001036e-02 8.829153e-02 6.99 111
1.427695e-01 2.354939e-01 2.351479e-01 2.354939e-01 2.354939e-01 2.354939e-01 1.086980e-01 9.026270e-02 1.070695e-01 1.096856e-01 2.354939e-01 2.354939e-01 2.354939e-01 2.020003e-01 9.089234e-02 5.097406e-02 4.893761e-02 6.239745e-02 8.549529e-02 6.473464e-02 8.014829e-02 1.596868e-01 2.354939e-01 2.354939e-01 2.354939e-01 1.840142e-01 1.173122e-01 6.075196e-02 7.629396e-02 1.324853e-01 1.808371e-01 2.018027e-01 1.581634e-01 1.622205e-01 1.333012e-01 8.775331e-02 6 112
2.205222e-01 1.833510e-01 1.746308e-01 1.679887e-01 1.808483e-01 1.933132e-01 2.205222e-01 2.205222e-01 2.205222e-01 1.272957e-01 8.576731e-02 8.524170e-02 6.274232e-02 1.373408e-01 7.937796e-02 1.306319e-01 1.307996e-01 1.281193e-01 2.205222e-01 2.198452e-01 1.940166e-01 1.636946e-01 1.858387e-01 1.898049e-01 2.205222e-01 2.205222e-01 2.205222e-01 9.067617e-02 4.971294e-02 5.254494e-02 3.736825e-02 1.313913e-01 1.229582e-01 1.995750e-01 1.995222e-01 1.668254e-01 6.32 113
1.022377e-01 1.492389e-01 1.578332e-01 1.746480e-01 2.571910e-01 2.571910e-01 2.468931e-01 1.855601e-01 1.177339e-01 7.826154e-02 1.052971e-01 1.708683e-01 1.403274e-01 1.998238e-01 1.420395e-01 7.795344e-02 5.266392e-02 7.181977e-02 9.099115e-02 1.277200e-01 1.294939e-01 2.162742e-01 2.571910e-01 2.571910e-01 2.571910e-01 2.571910e-01 1.535082e-01 6.222747e-02 4.482906e-02 6.364390e-02 6.446082e-02 1.837222e-01 1.683802e-01 1.869271e-01 1.809034e-01 9.977073e-02 6.09 114
2.314435e-01 2.444789e-01 2.444789e-01 1.041109e-01 7.535321e-02 6.878956e-02 6.992608e-02 1.022394e-01 1.529111e-01 1.761488e-01 2.313206e-01 2.326798e-01 1.064559e-01 1.065963e-01 1.073036e-01 1.184391e-01 1.294697e-01 1.337746e-01 2.109377e-01 2.124672e-01 1.216899e-01 6.000580e-02 9.112459e-02 1.169549e-01 2.444789e-01 2.444789e-01 2.322976e-01 2.017060e-01 1.230925e-01 9.126142e-02 9.964243e-02 1.472792e-01 1.763843e-01 1.646814e-01 2.067452e-01 2.122648e-01 7.68 115
1.364801e-01 1.316418e-01 1.850255e-01 2.175840e-01 2.175840e-01 2.175840e-01 2.175840e-01 2.175840e-01 2.175840e-01 1.516288e-01 9.394217e-02 8.645321e-02 7.427598e-02 1.071343e-01 9.536920e-02 8.017855e-02 8.733466e-02 1.491004e-01 2.175840e-01 2.061194e-01 1.472158e-01 2.039745e-01 2.175840e-01 2.175840e-01 1.695411e-01 1.745106e-01 2.175840e-01 2.175840e-01 1.650497e-01 9.832674e-02 1.071955e-01 1.240706e-01 9.953717e-02 8.054394e-02 1.219732e-01 2.175840e-01 4.39 116
2.233767e-01 2.012693e-01 1.585099e-01 8.298700e-02 1.630491e-01 9.812617e-02 2.045944e-01 2.233767e-01 2.233767e-01 2.233767e-01 1.526704e-01 1.488794e-01 4.216285e-02 1.796820e-01 2.886942e-02 1.144850e-01 1.173270e-01 2.180279e-01 2.233767e-01 2.233767e-01 1.620708e-01 8.002076e-02 1.541274e-01 8.986561e-02 1.869178e-01 2.233767e-01 2.233767e-01 2.233767e-01 1.370947e-01 1.215246e-01 3.601355e-02 1.582536e-01 2.826151e-02 1.248803e-01 1.411299e-01 2.233767e-01 4.82 117
