0.000124 -0.000203 0.000128 0.000215 -0.004111 -0.004180 0.007793 0.005006 -0.002098 0.005351 0.002878 0.006400 0.001151 0.000480 0.001151 0.000480 -0.000467 -0.000610 0.001195 0.002103 -0.167656 -0.227884 0.221453 0.236445 0.196999 -0.233856 0.277791 0.283600 -0.003501 0.000360 0.011881 0.003497 -0.002460 -0.003077 0.003605 0.004118 -0.199762 0.235896 0.265369 0.303986 0.271062 0.268199 0.282948 0.278636 -0.008698 0.003174 0.012133 0.004063 -0.005384 -0.003205 0.005409 0.003568 0.022559 -0.013634 0.026709 0.016273 0.000659 0.000605 0.001784 0.001704 -0.000814 0.000433 0.000834 0.000512 6.63 
-0.000184 0.000217 0.000216 0.000217 -0.001447 -0.004019 0.002606 0.005016 -0.010476 0.024172 0.016715 0.027823 0.003373 0.004050 0.003386 0.004371 -0.005347 -0.004207 0.005347 0.004583 -0.296532 -0.171367 0.300410 0.171803 0.356217 -0.164766 0.360030 0.172174 0.000423 0.002101 0.001153 0.002358 -0.008765 -0.002559 0.012242 0.004639 -0.190792 0.243124 0.254355 0.243124 0.254565 0.212782 0.263053 0.220444 0.000220 -0.001847 0.000961 0.002575 0.001389 0.000683 0.001871 0.000899 0.000777 -0.003031 0.006574 0.005821 -0.001097 -0.006896 0.003638 0.007811 0.000350 0.000285 0.000441 0.000299 6.63 
-0.001465 -0.002995 0.001465 0.002995 -0.016676 -0.046078 0.018356 0.046078 0.006319 -0.020655 0.010391 0.034092 0.001896 -0.000628 0.002183 0.003973 -0.007737 -0.008548 0.007972 0.012519 -0.181985 -0.037421 0.327571 0.121536 0.307933 -0.073428 0.317755 0.163114 0.028376 0.021075 0.028376 0.021484 0.000664 0.017244 0.004372 0.025802 -0.260981 0.283021 0.270614 0.288120 0.275755 0.047902 0.394887 0.192256 0.034589 0.008734 0.034849 0.011151 0.000768 0.001092 0.001274 0.005080 0.007623 0.025233 0.020557 0.025233 -0.035547 0.018940 0.138328 0.065193 0.002943 0.000535 0.003907 0.002451 6.07 
-0.001388 -0.003040 0.001442 0.003082 -0.003235 -0.021903 0.007167 0.021903 0.001799 -0.000759 0.006640 0.005385 -0.000255 0.000012 0.000371 0.000284 -0.006628 0.019890 0.008862 0.024004 -0.239173 -0.131601 0.281927 0.254688 0.258167 -0.137007 0.282093 0.189958 -0.012754 0.002415 0.012754 0.005207 -0.012108 0.003987 0.012231 0.007767 -0.341334 0.062776 0.368223 0.121686 0.356205 0.098830 0.362094 0.158627 -0.037903 -0.018026 0.037925 0.020356 -0.004294 -0.001400 0.004397 0.001641 -0.013478 -0.037263 0.055559 0.044057 0.029991 0.007622 0.034334 0.025380 -0.011923 -0.000578 0.012086 0.002959 5.25 
0.001267 0.000225 0.001267 0.000959 -0.000588 -0.008562 0.010561 0.009197 0.005256 -0.030347 0.009917 0.031021 0.001489 -0.001501 0.001511 0.001542 0.021125 -0.012835 0.021125 0.023386 -0.313088 -0.108678 0.321062 0.133735 0.325763 -0.056593 0.340020 0.168519 0.011595 0.011086 0.011640 0.015353 0.067281 -0.007694 0.067281 0.023920 -0.306693 0.056759 0.309978 0.129902 0.366866 0.066531 0.366866 0.095510 -0.000184 -0.003026 0.002045 0.003944 0.010059 0.000542 0.010059 0.001794 -0.040587 0.002078 0.043415 0.007930 0.040379 -0.018454 0.046927 0.025701 -0.000470 -0.002198 0.001039 0.002248 5.25 
0.002189 -0.001010 0.002277 0.001598 0.000657 -0.016410 0.009402 0.016410 0.014529 -0.007452 0.015581 0.009795 0.000863 0.000414 0.000863 0.000414 -0.019593 -0.004591 0.021164 0.009202 0.145014 0.025608 0.256196 0.298924 -0.006864 0.140874 0.153956 0.307763 0.036537 -0.011008 0.036973 0.013841 -0.066052 -0.028437 0.066440 0.029015 0.442042 -0.031601 0.576040 0.331180 -0.011585 0.030620 0.109443 0.105819 0.017652 0.017038 0.019490 0.018471 0.003393 0.003451 0.013299 0.008772 0.028811 0.033823 0.028811 0.034019 0.019496 0.020975 0.019860 0.020975 -0.001319 0.002552 0.001319 0.002552 4.86 
-0.000359 0.000028 0.001508 0.000287 0.015965 0.010859 0.059875 0.013882 0.018672 0.005275 0.018672 0.007902 0.001930 0.001798 0.001963 0.001798 0.000978 0.011134 0.004822 0.012336 -0.185801 -0.002131 0.330326 0.171046 0.364367 -0.114102 0.364367 0.171660 0.010439 -0.011583 0.014006 0.016307 0.004934 0.008639 0.006902 0.009790 -0.252453 0.223723 0.260874 0.223995 0.308380 0.133160 0.341587 0.224273 -0.008703 -0.008551 0.016903 0.010533 0.000666 -0.000075 0.001037 0.000560 -0.001763 -0.003663 0.004348 0.003762 -0.014199 -0.001688 0.014623 0.005253 0.003129 -0.000053 0.003129 0.000427 4.86 
0.000527 -0.002649 0.000527 0.002649 -0.003629 -0.017302 0.008482 0.017302 0.003020 -0.022278 0.011598 0.022278 0.003045 -0.002924 0.003170 0.002956 0.002474 0.004928 0.002964 0.004928 -0.196485 -0.073194 0.234329 0.096478 0.316500 -0.093597 0.337075 0.242348 0.008777 0.021363 0.016130 0.021814 0.001877 0.000919 0.002217 0.009042 -0.277571 0.062503 0.291655 0.079067 0.429100 0.113595 0.429100 0.180936 0.025434 0.012841 0.025732 0.012868 0.000299 0.003342 0.000776 0.003368 -0.046885 0.019730 0.049342 0.022236 0.054007 -0.019964 0.087903 0.053118 0.002333 -0.002628 0.003596 0.002934 4.86 
-0.011330 0.001495 0.011584 0.003108 0.026029 0.038584 0.042770 0.046699 0.011037 0.020341 0.020966 0.021358 -0.002283 0.003824 0.004071 0.004245 -0.020900 -0.001489 0.021607 0.017640 0.173159 -0.034222 0.337321 0.280870 0.002599 0.101325 0.126256 0.119463 -0.003326 0.011948 0.007868 0.011948 -0.052330 -0.010415 0.052995 0.047766 0.384665 0.076724 0.623893 0.334654 -0.062343 -0.087152 0.114126 0.192563 0.012736 0.003701 0.013537 0.009075 -0.000310 0.002170 0.000426 0.002277 0.006164 0.018077 0.006472 0.018947 0.003525 0.007741 0.011383 0.011641 -0.000992 -0.000834 0.001235 0.001448 4.6 
0.000466 -0.000511 0.000484 0.001645 -0.014809 0.023996 0.037828 0.027459 0.020670 0.021390 0.020670 0.022252 -0.000889 0.001815 0.001542 0.001815 0.001756 0.002886 0.001756 0.004735 -0.332307 -0.096696 0.337834 0.169843 0.369741 -0.170273 0.403890 0.217355 -0.012029 -0.008258 0.016023 0.011108 0.002044 -0.001822 0.002457 0.002055 -0.178432 0.136230 0.207966 0.233670 0.203119 0.194380 0.260402 0.245322 0.005806 0.011734 0.008525 0.012492 -0.000128 -0.000123 0.000185 0.000123 0.000787 0.001229 0.001056 0.001415 0.004072 -0.000671 0.004072 0.001623 -0.000294 -0.000010 0.000611 0.000155 4.6 
-0.000274 -0.006138 0.004235 0.006477 0.000553 -0.006498 0.014670 0.030260 0.015561 0.015347 0.016234 0.016923 0.002097 0.003561 0.002097 0.003561 -0.080873 0.014349 0.095150 0.035154 0.371903 0.094980 0.376307 0.171072 0.004303 0.083334 0.122944 0.121696 -0.004677 -0.005700 0.008296 0.012579 -0.024389 0.039789 0.036097 0.043949 0.089471 -0.110993 0.545247 0.412560 0.098157 -0.041791 0.320966 0.114417 -0.009621 0.005727 0.014011 0.006621 0.000088 0.000029 0.000462 0.000765 -0.008506 0.036677 0.026620 0.038952 0.013907 0.005085 0.013907 0.010204 -0.000074 0.000061 0.001013 0.000519 4.6 
0.000888 -0.000305 0.001904 0.000639 -0.002868 -0.004592 0.011721 0.009323 -0.008752 -0.013255 0.009672 0.015593 -0.000808 -0.000140 0.001086 0.002433 0.007187 -0.013141 0.009123 0.013182 -0.245161 -0.132635 0.330866 0.212629 0.263064 -0.003245 0.307384 0.255028 0.010419 0.019521 0.013659 0.021438 0.006948 0.012097 0.009541 0.020089 -0.224951 0.238422 0.274618 0.258141 0.322846 0.044971 0.369004 0.181169 -0.015785 0.002729 0.024846 0.010885 -0.000002 -0.000335 0.000660 0.002549 0.002104 0.008356 0.008050 0.010488 -0.023006 0.013938 0.087884 0.035604 -0.000699 0.000448 0.004370 0.000974 4.6 
-0.005610 -0.010618 0.006367 0.010670 0.033319 -0.071151 0.033860 0.072244 -0.007640 -0.011499 0.017995 0.011804 -0.005234 -0.001512 0.006488 0.001823 -0.051866 -0.048068 0.077471 0.062175 0.064624 0.009824 0.432099 0.202799 0.253873 -0.182626 0.300579 0.184848 -0.015993 0.009987 0.018239 0.015590 -0.023076 0.050191 0.122907 0.062547 0.118260 0.271857 0.390120 0.293580 0.127816 0.250219 0.152847 0.250219 -0.006004 0.014679 0.006004 0.014711 0.006900 -0.000172 0.015891 0.006623 0.018702 0.013119 0.030772 0.013568 -0.002652 0.013704 0.007053 0.013717 -0.000443 0.002192 0.000443 0.002192 5.75 
0.000185 -0.000422 0.001401 0.003436 -0.000906 0.012261 0.024698 0.015942 0.002441 0.000926 0.018101 0.004741 -0.000295 -0.000205 0.001391 0.000646 0.024676 -0.027358 0.024676 0.027358 0.138992 -0.041423 0.597434 0.270913 -0.026001 0.008557 0.137066 0.079261 -0.001062 0.010674 0.007661 0.016823 0.008474 -0.010203 0.031498 0.031643 0.210015 -0.188171 0.502597 0.247065 -0.025799 -0.234124 0.079742 0.234124 0.012274 -0.029767 0.012769 0.030807 -0.002557 0.000812 0.005459 0.001384 0.017343 0.012184 0.028148 0.032154 -0.019722 -0.008520 0.025666 0.025197 0.001693 -0.004571 0.002344 0.006065 6.0 
-0.003109 0.004551 0.003292 0.006988 0.024340 -0.006584 0.031832 0.017848 0.009155 0.027326 0.012252 0.031427 0.000822 0.003318 0.001529 0.004654 0.011092 0.002021 0.020966 0.013498 0.177594 0.095779 0.608529 0.116983 0.127187 0.078495 0.127581 0.078495 0.004462 0.012501 0.007862 0.012786 0.033167 0.005774 0.036486 0.009611 0.124674 -0.074493 0.631363 0.175089 0.151285 -0.030975 0.156289 0.067825 0.003000 -0.003818 0.005141 0.004379 0.001166 -0.000464 0.003143 0.001094 -0.030812 -0.017114 0.086742 0.019831 0.064178 -0.029608 0.066062 0.029954 -0.001244 -0.001784 0.001404 0.001784 5.0 
0.000044 -0.003861 0.000565 0.003861 -0.003734 -0.023954 0.005254 0.023988 0.006207 -0.027570 0.006932 0.027570 0.001831 -0.003758 0.001831 0.003758 -0.000655 0.022402 0.005062 0.039931 0.014440 -0.024330 0.251438 0.260107 0.219693 0.084466 0.221145 0.117344 0.007664 0.030072 0.008242 0.032593 -0.006942 -0.009162 0.007422 0.015752 -0.258927 0.135306 0.454504 0.170058 0.445529 -0.019436 0.445529 0.103205 0.007215 0.000789 0.007404 0.002775 -0.000307 -0.001901 0.000477 0.002447 -0.009404 0.011706 0.052770 0.015534 0.021298 -0.025217 0.087453 0.041821 0.000554 -0.000918 0.001436 0.001337 5.0 
0.000296 0.001816 0.000544 0.001820 -0.004260 0.011547 0.005846 0.011680 -0.005742 0.000792 0.014669 0.013948 0.002149 -0.002319 0.002149 0.002319 0.003063 -0.000508 0.004137 0.004887 -0.295939 -0.107848 0.313911 0.127629 0.376761 -0.004871 0.408999 0.161836 -0.017634 0.016581 0.021296 0.016581 0.003749 -0.024313 0.009503 0.024313 -0.221890 -0.037907 0.261769 0.115576 0.381914 0.017614 0.386361 0.121685 -0.004146 0.007454 0.008836 0.018649 -0.000788 -0.000316 0.003088 0.007813 0.021314 -0.014239 0.031153 0.024264 0.025701 -0.008168 0.025701 0.008708 -0.001188 -0.002817 0.001195 0.002817 5.5 
-0.003638 0.013086 0.004018 0.013208 0.053302 0.117373 0.058523 0.117553 -0.019816 0.088136 0.066598 0.092820 0.001828 0.007136 0.003144 0.007136 0.049295 0.016197 0.052338 0.022758 -0.108327 0.037136 0.327877 0.290881 0.279615 0.068275 0.316252 0.350539 0.007488 0.031580 0.011271 0.032447 0.062863 -0.028300 0.068318 0.028591 -0.087709 -0.023686 0.282575 0.148235 0.358940 0.099691 0.359461 0.161488 0.007734 0.001537 0.008191 0.007808 0.005679 0.013995 0.005910 0.014001 0.013874 0.055620 0.017720 0.055620 -0.002948 -0.002067 0.020559 0.052430 0.002085 -0.010154 0.003346 0.016151 5.5 
0.004309 0.001440 0.005496 0.005499 0.055125 0.021861 0.096594 0.044733 0.025246 -0.040044 0.037711 0.040627 0.001124 0.002310 0.009207 0.008809 0.040832 0.062513 0.044700 0.062902 0.087410 -0.214841 0.199201 0.322795 0.251298 -0.119811 0.315426 0.244513 0.033928 0.008567 0.034472 0.018831 -0.000656 0.036268 0.007587 0.036268 -0.221428 0.202073 0.242642 0.210577 0.356052 -0.016408 0.389191 0.217685 0.015357 -0.035813 0.015357 0.035813 -0.000099 -0.000021 0.000660 0.000566 -0.031189 0.014306 0.031724 0.018606 -0.018794 -0.004523 0.022754 0.050443 0.002470 -0.007419 0.003323 0.009293 5.5 
-0.000438 0.000651 0.000613 0.001051 -0.034314 -0.021077 0.034314 0.025322 0.015440 0.002957 0.025910 0.021385 0.008771 0.007446 0.008771 0.007446 -0.022589 -0.015678 0.025027 0.016767 -0.087727 -0.124384 0.244195 0.290860 0.390471 0.026061 0.390471 0.215217 0.064930 0.015936 0.066062 0.033218 -0.013953 -0.018377 0.015535 0.018377 0.031711 0.228728 0.176924 0.246046 0.264566 0.177788 0.322103 0.291643 0.019465 -0.047581 0.086089 0.104518 0.000644 -0.000238 0.000997 0.000511 0.038159 0.012250 0.043136 0.022325 0.024762 0.004179 0.035631 0.016870 -0.001507 0.007426 0.006943 0.008059 4.73 
0.000718 0.002917 0.000898 0.002956 0.015515 0.022341 0.037687 0.025488 0.021534 0.039579 0.021766 0.039579 0.000312 0.005542 0.000624 0.005542 0.006703 0.011329 0.010583 0.018750 -0.109212 0.058037 0.257119 0.175012 0.393026 -0.039108 0.407877 0.127744 -0.003443 -0.000279 0.006002 0.018708 0.008034 0.019556 0.008527 0.022391 -0.259820 0.143257 0.290986 0.172482 0.303172 -0.016075 0.438453 0.224138 0.012684 -0.013541 0.018305 0.014529 -0.000636 -0.001289 0.000636 0.001289 -0.014897 -0.025241 0.016524 0.025350 0.004550 -0.011424 0.013742 0.011598 0.002848 -0.001463 0.002882 0.001478 4.73 
0.001895 -0.003914 0.001915 0.004010 -0.028377 -0.034560 0.036559 0.036670 -0.002569 0.011156 0.041503 0.023459 0.004583 0.001853 0.006269 0.002432 0.000399 -0.038369 0.022644 0.043894 0.221588 0.082713 0.372794 0.272060 -0.052582 0.086836 0.308273 0.383681 0.009612 0.002482 0.017941 0.023669 -0.016963 0.003443 0.041143 0.018505 0.291015 -0.055653 0.299908 0.141680 -0.104124 -0.033494 0.192145 0.462346 0.012600 0.002901 0.022621 0.038983 0.004329 0.002324 0.005870 0.003022 0.006506 0.002971 0.011222 0.004348 0.014294 -0.019195 0.014398 0.019262 0.001555 -0.003072 0.001968 0.003923 4.93 
0.005766 -0.002331 0.010926 0.003982 0.028612 -0.021393 0.028612 0.021393 0.007369 -0.024784 0.011964 0.025239 -0.000561 -0.001112 0.000728 0.001652 0.025049 -0.024930 0.082302 0.028867 -0.048621 -0.025023 0.359800 0.119223 0.338026 0.014316 0.355340 0.195530 -0.000211 0.011564 0.003413 0.013839 0.007460 0.020833 0.011203 0.026701 0.077168 0.117000 0.495156 0.211874 0.273023 0.030328 0.382958 0.126757 0.002515 -0.000354 0.004214 0.003023 -0.000807 -0.002721 0.002127 0.006270 0.066315 -0.012628 0.067606 0.022463 -0.004414 0.020719 0.023906 0.032022 0.001517 -0.000568 0.002676 0.000836 6.63
-0.001082 -0.000284 0.001334 0.000523 0.017690 -0.024156 0.024778 0.024508 0.010494 -0.010418 0.011635 0.010506 -0.000332 -0.000511 0.000691 0.000588 -0.054383 -0.019190 0.056990 0.021720 0.286697 -0.102433 0.386780 0.276510 0.009298 -0.029237 0.131981 0.215600 0.012929 -0.020803 0.013675 0.020803 -0.070882 -0.007084 0.071766 0.013510 0.410972 0.018400 0.589853 0.165445 -0.011246 0.011033 0.137634 0.147998 0.009287 0.018233 0.009287 0.018233 -0.006935 0.002328 0.006950 0.004711 0.042343 0.028688 0.043014 0.030073 0.023895 0.027942 0.027666 0.032762 0.000149 0.001858 0.000486 0.002058 5.5 
0.002405 -0.000862 0.002405 0.000862 -0.012972 -0.013673 0.013537 0.014459 0.018047 -0.047332 0.018047 0.047332 0.000730 -0.002691 0.000944 0.002692 0.010479 -0.000412 0.010528 0.010692 -0.266394 -0.090366 0.280300 0.106738 0.298505 -0.064292 0.369976 0.173692 -0.002266 -0.007244 0.015970 0.014215 0.017147 0.008467 0.019001 0.014785 -0.338716 0.004242 0.365523 0.107106 0.344810 0.089861 0.368341 0.177588 0.013180 0.023436 0.013711 0.023436 0.000308 -0.001069 0.002337 0.002278 -0.026844 0.032254 0.032382 0.032639 0.040018 -0.000957 0.042536 0.011553 0.001739 -0.001678 0.002326 0.001704 5.5 
0.003056 -0.002671 0.003779 0.003379 0.000905 0.004847 0.018896 0.014792 0.010399 -0.036650 0.027994 0.044932 -0.003473 -0.003351 0.005110 0.004896 0.011126 -0.013984 0.029901 0.032795 0.225950 0.048395 0.256593 0.189120 -0.087797 0.155763 0.238592 0.450026 0.031840 0.033995 0.043092 0.046085 -0.026682 0.049010 0.038321 0.050504 0.257800 -0.123950 0.437813 0.238258 0.020388 -0.106270 0.317810 0.287830 -0.016286 -0.018936 0.016810 0.021487 0.001607 0.001903 0.002771 0.003067 -0.017963 0.011838 0.040747 0.043122 0.006960 -0.027580 0.014015 0.028408 -0.000489 0.000221 0.003352 0.002997 5.5 
-0.002967 -0.000048 0.003171 0.003121 0.045461 0.013543 0.045880 0.020264 0.042947 0.022820 0.042947 0.023110 -0.003102 -0.000833 0.003686 0.002731 -0.030226 0.045717 0.089034 0.053178 0.370379 0.080229 0.460560 0.119064 0.128236 -0.079662 0.175679 0.159572 -0.013326 0.001754 0.034032 0.026939 0.078827 0.011277 0.080549 0.041745 -0.024906 0.066382 0.521642 0.257585 -0.013939 -0.077831 0.259808 0.261942 0.033830 -0.017507 0.058827 0.090929 0.007610 -0.000353 0.008084 0.005380 -0.038245 0.007034 0.059417 0.050035 0.037414 -0.000362 0.044779 0.028941 0.001820 0.002327 0.002930 0.004320 5.5 
-0.001628 -0.002587 0.001695 0.002596 -0.001645 -0.020758 0.004861 0.020758 0.002176 -0.000607 0.006763 0.007827 -0.000231 0.000015 0.000394 0.000249 -0.008476 0.018124 0.008476 0.020955 -0.247188 -0.138210 0.286232 0.254215 0.259974 -0.130132 0.284348 0.179577 -0.012965 0.002261 0.012965 0.006072 -0.013954 0.003953 0.014051 0.010141 -0.314091 0.050195 0.402607 0.136927 0.338416 0.111773 0.349411 0.170468 -0.034118 -0.018487 0.034285 0.021132 -0.004733 -0.001933 0.004865 0.002105 -0.000530 -0.035952 0.059626 0.048562 0.022787 0.006073 0.027040 0.024687 -0.012476 -0.001389 0.012625 0.004330 5.5 
0.001230 -0.000025 0.001326 0.000405 -0.001318 -0.007356 0.010596 0.008285 0.005497 -0.031837 0.011337 0.032791 0.001495 -0.001479 0.001507 0.001640 0.018536 -0.012216 0.018601 0.023503 -0.316355 -0.105841 0.325397 0.131998 0.327297 -0.057110 0.346029 0.161938 0.012934 0.010847 0.012990 0.015041 0.064047 -0.008082 0.064126 0.028473 -0.301240 0.054348 0.313672 0.122669 0.362577 0.074191 0.362577 0.106464 -0.000023 -0.002736 0.001859 0.004564 0.009699 0.000778 0.009699 0.001824 -0.039948 0.002790 0.043083 0.008298 0.039928 -0.018044 0.046209 0.026265 -0.000285 -0.002105 0.000741 0.002153 5.5 
0.000210 0.000617 0.000308 0.000617 -0.005834 -0.009756 0.009355 0.010993 0.001816 0.007128 0.006276 0.009520 0.000901 -0.000574 0.000901 0.000730 -0.002092 -0.004512 0.004493 0.004670 -0.225485 -0.199909 0.251553 0.209023 0.296816 -0.222119 0.311351 0.245297 -0.013553 0.008022 0.015780 0.009045 -0.007811 -0.012614 0.009269 0.012780 -0.171206 0.162930 0.276362 0.246268 0.312577 0.227050 0.313361 0.255242 -0.003848 0.001011 0.007795 0.002404 -0.000813 -0.001718 0.002315 0.001726 0.011454 -0.002638 0.011454 0.003331 0.008965 -0.000991 0.009423 0.003078 0.000159 -0.000691 0.000521 0.000691 7.0 
-0.001005 -0.000172 0.001209 0.000621 0.002294 -0.008375 0.014825 0.008375 0.007478 -0.003989 0.007478 0.003989 0.001692 -0.000958 0.002299 0.001036 -0.006466 -0.002764 0.006850 0.004998 -0.312012 -0.112170 0.321893 0.134627 0.372771 -0.138015 0.375332 0.173839 0.002657 -0.003942 0.005787 0.005478 -0.010229 0.000398 0.012093 0.003184 -0.190486 0.157918 0.278154 0.215514 0.271618 0.184777 0.311360 0.218135 -0.005485 -0.005436 0.009107 0.006784 -0.000153 -0.000116 0.000827 0.000197 0.000927 0.004876 0.013317 0.009563 0.001576 -0.007698 0.007920 0.011737 0.000998 0.001178 0.000998 0.001178 7.0 
0.000437 -0.000677 0.000761 0.000685 -0.003329 0.012299 0.026506 0.014352 -0.002032 0.016635 0.007847 0.021577 0.000910 -0.001697 0.001302 0.002081 0.001627 0.005357 0.005438 0.009452 -0.235280 -0.078239 0.309881 0.163675 0.302063 -0.126214 0.407218 0.241173 -0.011145 0.023811 0.017451 0.025537 0.001630 0.019050 0.007110 0.021412 -0.279298 0.150608 0.302536 0.155929 0.276461 0.152028 0.343438 0.197573 0.010879 0.014703 0.012764 0.014703 0.000623 0.000977 0.001430 0.002738 -0.029674 0.017504 0.034249 0.021058 0.028319 -0.007984 0.042484 0.025857 0.004023 0.003120 0.004078 0.003247 6.63 
-0.004165 0.003507 0.004205 0.003507 0.019309 0.004408 0.021220 0.007526 0.016145 0.008091 0.016145 0.008091 0.001532 0.001221 0.002143 0.001415 -0.006227 0.015708 0.010791 0.016691 -0.216882 -0.062618 0.284094 0.188214 0.365869 -0.207357 0.365869 0.216663 0.000215 -0.007238 0.009062 0.007238 0.001845 0.005483 0.005236 0.006010 -0.242394 0.216421 0.242394 0.216421 0.263313 0.189598 0.289237 0.266341 -0.011244 -0.012578 0.017474 0.015436 0.000106 -0.000486 0.000558 0.000661 -0.012609 -0.008749 0.012609 0.008843 -0.007028 -0.006047 0.009873 0.009901 0.002476 0.000909 0.002476 0.001268 6.63 
-0.000977 -0.005169 0.001393 0.005306 -0.004775 0.008955 0.008511 0.021573 -0.005646 0.012134 0.007500 0.016157 0.001608 0.004299 0.001700 0.004373 0.000489 0.011466 0.011108 0.012169 -0.204376 -0.187604 0.244054 0.215521 0.269045 -0.107838 0.284677 0.171602 0.003571 0.003179 0.005262 0.013666 -0.012582 -0.002496 0.025473 0.016108 -0.240863 0.055625 0.583459 0.116665 0.300028 0.065219 0.313087 0.102010 -0.003811 -0.011799 0.006375 0.013097 0.000800 -0.003200 0.002116 0.003200 0.005140 0.001490 0.017186 0.022595 0.006142 0.005101 0.010597 0.017836 -0.000390 -0.001130 0.000763 0.001672 6.0 
-0.000664 -0.001238 0.000677 0.001238 -0.013305 -0.024960 0.018645 0.024980 0.028361 -0.009033 0.029361 0.010629 -0.000522 -0.001150 0.000712 0.001218 0.003257 -0.006577 0.007918 0.007086 -0.288085 0.033445 0.422898 0.117580 0.355800 -0.055132 0.405143 0.089715 -0.000084 -0.009600 0.005233 0.009600 0.018585 -0.007126 0.019222 0.008377 -0.217029 0.099557 0.329121 0.189051 0.230511 0.091432 0.349470 0.171788 0.004127 -0.001930 0.007865 0.004612 0.001705 -0.001229 0.001837 0.001427 0.006800 -0.020882 0.007492 0.020882 -0.003323 -0.023679 0.008479 0.023730 0.004197 -0.000249 0.004429 0.001142 6.0 
-0.000555 -0.005823 0.002007 0.006655 -0.006564 -0.014363 0.011535 0.031802 -0.011063 -0.004469 0.012306 0.013837 0.001284 0.000923 0.002122 0.001647 0.007597 0.014567 0.011203 0.015826 -0.249916 -0.171648 0.298099 0.240560 0.310469 -0.053867 0.341517 0.208607 0.001043 0.019309 0.010960 0.025470 -0.002662 -0.022203 0.032394 0.034661 -0.128714 0.086659 0.540204 0.194530 0.224185 0.072857 0.256261 0.129576 -0.003896 -0.022564 0.014832 0.022714 0.000570 -0.004123 0.002328 0.004361 0.024104 -0.020858 0.024104 0.023733 0.001741 -0.003572 0.008042 0.008774 -0.000938 0.000490 0.001253 0.001749 6.0 
-0.002006 -0.001304 0.002040 0.001569 0.005751 -0.030502 0.007918 0.030568 -0.004174 -0.018879 0.009655 0.019404 -0.001995 -0.000955 0.001995 0.001115 -0.045376 -0.044408 0.048819 0.045021 0.101077 -0.128504 0.264395 0.162587 0.103260 -0.035864 0.249468 0.253393 0.004825 0.021241 0.013415 0.029384 -0.115177 -0.018818 0.115253 0.038253 0.307071 0.055885 0.532933 0.267918 0.294844 0.132237 0.298862 0.159639 0.007608 0.028565 0.011571 0.029481 -0.013908 0.007043 0.014210 0.007043 0.074311 0.015336 0.104578 0.051984 0.010126 0.001710 0.044920 0.032310 -0.000535 -0.002476 0.001436 0.002765 6.0 
