1.260817e-01 1.423155e-01 1.724517e-01 1.235205e-01 1.829071e-01 1.133298e-01 1.678074e-01 1.199073e-01 1.306112e-01 1.676273e-01 2.176458e-01 2.176458e-01 2.171430e-01 2.176458e-01 1.857592e-01 1.814584e-01 1.398372e-01 1.322764e-01 1.100375e-01 1.033858e-01 1.095265e-01 9.578851e-02 2.176458e-01 1.227245e-01 1.868754e-01 1.068808e-01 1.083396e-01 1.408956e-01 1.719413e-01 1.675123e-01 2.112172e-01 2.176458e-01 2.176458e-01 2.176458e-01 2.038940e-01 1.444311e-01 6.82 1
1.653728e-01 1.231162e-01 7.085484e-02 6.943789e-02 8.515801e-02 1.058386e-01 1.787169e-01 2.168609e-01 2.168609e-01 2.155853e-01 1.286005e-01 9.188507e-02 1.104594e-01 1.271357e-01 1.774471e-01 2.168609e-01 2.168609e-01 2.168609e-01 2.168609e-01 2.168609e-01 1.537136e-01 1.386050e-01 9.535602e-02 8.996503e-02 1.281056e-01 1.509247e-01 1.898384e-01 2.168609e-01 1.629733e-01 1.502189e-01 1.743691e-01 1.129940e-01 1.475509e-01 2.152639e-01 2.168609e-01 2.168609e-01 6.63 2
1.814977e-01 2.033165e-01 1.884327e-01 1.796138e-01 1.702472e-01 9.963822e-02 9.268188e-02 1.548690e-01 2.081593e-01 1.869199e-01 1.764746e-01 1.417558e-01 1.574340e-01 1.733858e-01 1.048764e-01 1.013171e-01 1.455337e-01 1.768420e-01 2.081593e-01 2.081593e-01 2.081593e-01 2.081593e-01 2.037312e-01 1.390793e-01 1.013673e-01 1.236812e-01 1.582309e-01 2.081593e-01 1.756152e-01 1.453514e-01 1.603915e-01 1.894203e-01 1.484447e-01 1.336116e-01 1.424548e-01 1.628764e-01 6.07 3
1.029785e-01 6.646094e-02 8.777259e-02 6.649342e-02 1.502775e-01 7.740837e-02 1.445914e-01 1.342032e-01 1.252414e-01 1.432922e-01 1.733901e-01 1.771206e-01 1.430431e-01 2.009711e-01 1.479862e-01 2.159326e-01 2.159326e-01 1.497741e-01 2.159326e-01 1.993899e-01 1.132541e-01 7.679032e-02 1.100289e-01 9.955458e-02 1.630824e-01 1.422357e-01 2.107514e-01 2.159326e-01 2.159326e-01 2.159326e-01 1.952743e-01 1.939147e-01 2.089244e-01 2.159326e-01 2.159326e-01 1.959175e-01 5 4
2.159117e-01 1.739416e-01 1.044625e-01 9.478492e-02 1.111927e-01 8.727939e-02 1.198131e-01 2.159117e-01 2.159117e-01 2.159117e-01 1.765278e-01 1.403788e-01 1.903837e-01 2.159117e-01 1.755154e-01 1.411171e-01 1.813038e-01 2.050880e-01 2.111349e-01 2.015863e-01 1.831466e-01 1.607508e-01 1.510344e-01 7.134683e-02 8.655086e-02 1.034054e-01 1.472804e-01 1.877991e-01 1.857855e-01 1.809504e-01 2.159117e-01 2.159117e-01 1.388881e-01 1.148522e-01 1.119308e-01 1.284786e-01 6.63 5
2.149315e-01 1.495052e-01 9.731964e-02 7.510768e-02 1.706698e-01 9.509842e-02 1.507677e-01 1.406876e-01 1.900953e-01 1.282834e-01 1.192171e-01 1.601146e-01 1.750339e-01 2.158166e-01 1.285290e-01 1.891472e-01 1.273752e-01 1.214245e-01 2.158166e-01 2.158166e-01 1.484409e-01 8.654972e-02 1.021224e-01 8.061188e-02 1.235204e-01 1.272069e-01 2.158166e-01 2.158166e-01 2.104431e-01 2.158166e-01 2.158166e-01 1.863239e-01 1.848325e-01 2.151084e-01 1.575791e-01 2.027373e-01 7 6
1.032418e-01 1.051850e-01 1.352002e-01 9.527562e-02 1.746265e-01 1.460660e-01 1.765976e-01 1.239901e-01 1.246942e-01 1.129223e-01 1.620336e-01 1.960442e-01 1.550464e-01 2.101283e-01 1.841118e-01 1.781266e-01 1.395183e-01 1.265081e-01 1.560361e-01 2.026219e-01 2.101283e-01 1.713531e-01 1.892915e-01 1.449041e-01 1.503279e-01 1.531120e-01 1.767659e-01 1.140701e-01 1.423210e-01 1.914346e-01 1.970788e-01 2.101283e-01 2.101283e-01 2.101283e-01 2.101283e-01 1.784594e-01 6.07 7
2.248212e-01 1.449535e-01 1.111906e-01 9.720497e-02 1.448701e-01 1.113859e-01 1.283068e-01 1.981826e-01 2.248212e-01 1.420152e-01 1.600028e-01 1.977267e-01 2.248212e-01 2.248212e-01 2.248212e-01 1.585625e-01 1.222476e-01 1.280116e-01 1.850592e-01 1.253058e-01 1.143557e-01 7.949372e-02 1.709342e-01 1.134271e-01 1.025450e-01 8.820622e-02 1.686344e-01 2.156939e-01 1.914391e-01 1.467001e-01 1.741042e-01 2.248212e-01 2.248212e-01 2.003620e-01 1.327008e-01 1.482214e-01 4.93 8
1.173185e-01 7.308941e-02 7.711146e-02 8.301656e-02 2.076343e-01 1.052796e-01 1.710762e-01 1.421376e-01 1.312312e-01 9.695330e-02 1.009476e-01 1.199388e-01 1.433162e-01 2.273320e-01 1.871590e-01 2.273320e-01 1.737546e-01 1.079520e-01 2.273320e-01 2.273320e-01 1.296188e-01 1.016172e-01 1.476305e-01 1.070288e-01 1.426306e-01 1.571782e-01 1.998298e-01 2.203262e-01 1.854378e-01 1.544886e-01 1.485304e-01 2.273320e-01 2.273320e-01 2.273320e-01 2.273320e-01 1.677069e-01 5.5 9
1.255175e-01 9.075370e-02 1.323191e-01 1.402688e-01 1.799002e-01 1.187474e-01 1.661110e-01 1.622742e-01 1.500653e-01 1.052326e-01 1.198070e-01 2.042384e-01 2.371290e-01 2.371290e-01 2.275660e-01 1.759083e-01 1.313438e-01 1.143567e-01 1.132138e-01 1.231138e-01 1.959593e-01 2.371290e-01 2.371290e-01 1.347782e-01 1.104812e-01 8.706470e-02 1.054460e-01 8.393148e-02 1.057994e-01 2.124710e-01 2.371290e-01 2.371290e-01 2.371290e-01 1.950610e-01 1.328021e-01 8.713116e-02 5.5 10
1.272751e-01 1.080898e-01 1.373724e-01 1.488495e-01 2.766066e-01 9.271420e-02 9.604290e-02 7.566351e-02 1.136998e-01 1.047638e-01 1.313936e-01 2.790514e-01 2.790514e-01 2.790514e-01 2.598808e-01 1.215711e-01 7.226013e-02 7.299952e-02 2.223043e-01 1.031481e-01 7.198519e-02 5.610609e-02 1.311985e-01 7.685874e-02 8.784670e-02 1.181910e-01 2.283160e-01 1.296370e-01 8.188277e-02 1.309114e-01 2.032070e-01 2.790514e-01 2.790514e-01 1.631555e-01 1.159693e-01 1.425363e-01 4.93 11
1.353604e-01 9.425846e-02 1.060132e-01 1.154554e-01 2.361604e-01 1.819342e-01 1.429314e-01 1.082219e-01 1.138401e-01 1.471267e-01 1.244870e-01 1.933735e-01 2.361604e-01 2.361604e-01 2.361604e-01 1.654271e-01 1.167398e-01 1.393518e-01 1.394600e-01 1.284667e-01 1.087150e-01 1.108160e-01 2.361604e-01 2.034929e-01 1.609721e-01 1.122137e-01 1.074824e-01 1.157000e-01 9.933592e-02 1.327089e-01 2.162003e-01 2.361604e-01 2.361604e-01 2.348445e-01 1.704103e-01 1.461284e-01 5.5 12
1.677854e-01 1.328483e-01 1.412697e-01 1.229847e-01 1.905496e-01 8.585153e-02 1.257763e-01 1.197956e-01 1.607915e-01 1.336466e-01 1.367917e-01 2.175772e-01 2.175772e-01 2.175772e-01 1.627907e-01 1.579245e-01 1.088127e-01 1.223152e-01 1.686077e-01 1.773774e-01 2.075460e-01 1.597555e-01 1.790860e-01 9.226487e-02 1.281319e-01 1.118898e-01 1.512189e-01 1.408815e-01 1.880199e-01 2.175772e-01 2.175772e-01 2.175772e-01 2.175772e-01 2.175772e-01 1.760943e-01 1.370864e-01 5.18 13
1.213550e-01 6.785896e-02 6.695788e-02 9.874096e-02 1.550043e-01 1.530908e-01 1.840180e-01 1.674504e-01 1.524959e-01 1.466089e-01 1.322220e-01 1.496060e-01 2.242015e-01 2.188800e-01 2.038761e-01 1.779918e-01 1.382090e-01 1.233868e-01 2.242015e-01 2.242015e-01 9.216473e-02 9.778934e-02 8.215065e-02 7.194073e-02 1.227006e-01 1.925059e-01 2.242015e-01 2.242015e-01 1.832656e-01 1.537323e-01 2.242015e-01 2.092650e-01 1.476280e-01 1.618044e-01 2.009724e-01 2.095356e-01 5.25 14
7.467582e-02 3.204662e-02 5.521712e-02 1.731397e-02 2.257328e-01 3.590900e-02 1.065456e-01 6.916989e-02 8.680810e-02 1.786796e-01 2.246611e-01 2.344378e-01 2.344378e-01 2.344378e-01 2.344378e-01 2.344378e-01 2.319912e-01 1.610905e-01 8.921339e-02 5.817171e-02 1.045691e-01 4.803801e-02 2.006762e-01 1.668464e-02 9.361641e-02 4.979105e-02 8.503252e-02 2.317618e-01 2.229595e-01 2.344378e-01 2.344378e-01 2.344378e-01 1.806535e-01 1.946742e-01 1.636118e-01 1.671454e-01 6.82 15
1.754715e-01 1.255646e-01 1.303696e-01 8.777697e-02 1.419425e-01 7.605044e-02 1.412757e-01 1.449386e-01 1.763369e-01 1.522010e-01 2.024893e-01 2.109159e-01 1.923708e-01 1.994231e-01 1.079576e-01 1.520142e-01 1.432891e-01 1.409795e-01 1.353919e-01 1.402573e-01 1.569410e-01 1.345501e-01 2.085172e-01 1.322617e-01 1.915105e-01 2.031603e-01 1.617760e-01 1.218527e-01 1.635306e-01 1.954599e-01 2.068595e-01 2.109159e-01 2.109159e-01 2.109159e-01 2.109159e-01 1.542449e-01 5.5 16
1.147623e-01 9.612439e-02 1.025381e-01 1.543038e-01 2.390098e-01 1.875525e-01 1.547290e-01 1.667655e-01 1.485118e-01 1.214597e-01 1.574908e-01 2.156219e-01 2.390098e-01 2.390098e-01 2.212283e-01 1.168672e-01 1.224391e-01 1.279316e-01 1.415115e-01 1.514002e-01 1.216062e-01 1.638671e-01 2.390098e-01 1.926728e-01 1.256498e-01 1.107254e-01 1.230621e-01 9.965809e-02 8.931484e-02 1.172692e-01 2.390098e-01 2.390098e-01 2.390098e-01 1.617683e-01 1.349612e-01 1.159676e-01 6.82 17
1.423654e-01 1.043715e-01 1.226682e-01 1.156734e-01 1.897869e-01 1.366161e-01 1.400442e-01 1.092410e-01 1.396370e-01 1.096806e-01 1.127145e-01 1.446165e-01 2.045179e-01 2.347524e-01 2.347524e-01 1.774610e-01 1.129566e-01 9.838496e-02 2.347524e-01 2.215798e-01 2.077278e-01 1.510882e-01 1.384416e-01 1.139064e-01 1.072174e-01 1.428613e-01 2.347524e-01 1.622069e-01 1.608318e-01 1.938748e-01 2.347524e-01 2.347524e-01 2.081891e-01 1.342780e-01 1.204235e-01 1.336466e-01 6.82 18
1.860896e-01 1.858679e-01 1.731874e-01 1.129465e-01 9.563237e-02 9.502496e-02 1.183115e-01 1.985651e-01 2.066599e-01 1.522395e-01 1.832044e-01 1.863031e-01 1.844184e-01 1.984084e-01 1.724009e-01 1.677769e-01 1.523948e-01 1.899640e-01 1.785048e-01 1.776332e-01 1.978964e-01 1.559149e-01 1.478355e-01 1.251799e-01 1.200319e-01 8.091925e-02 1.282282e-01 1.867802e-01 1.724858e-01 2.066599e-01 2.066599e-01 2.066599e-01 1.874375e-01 1.551393e-01 1.145507e-01 1.576607e-01 5.5 19
1.131835e-01 7.931042e-02 8.334927e-02 9.227880e-02 1.757327e-01 2.149192e-01 1.930749e-01 1.841922e-01 1.736685e-01 1.462837e-01 1.021789e-01 1.166547e-01 1.409528e-01 2.226381e-01 2.226381e-01 2.179450e-01 1.573206e-01 2.069019e-01 2.226381e-01 2.226381e-01 1.772932e-01 1.374251e-01 1.441589e-01 1.634466e-01 1.361821e-01 1.557883e-01 1.740514e-01 1.437193e-01 1.297443e-01 1.193642e-01 1.824437e-01 2.226381e-01 2.226381e-01 1.656624e-01 1.130044e-01 1.142719e-01 5.5 20
2.526954e-01 2.461202e-01 8.804146e-02 1.895446e-02 7.718604e-02 1.286867e-02 7.613020e-02 1.634676e-01 2.526954e-01 2.526954e-01 2.526954e-01 1.503245e-01 3.809569e-02 9.103902e-02 3.458666e-02 1.229527e-01 1.303523e-01 2.208053e-01 2.526954e-01 1.979892e-01 1.441153e-01 4.165396e-02 1.282175e-01 1.090554e-02 9.306316e-02 9.765743e-02 2.526954e-01 2.526954e-01 2.526954e-01 2.160454e-01 1.350519e-01 2.031233e-01 9.571632e-02 1.110103e-01 1.069429e-01 1.785507e-01 5.5 21
1.432749e-01 5.885492e-02 1.099269e-01 3.979803e-02 2.028467e-01 4.726525e-02 1.630732e-01 1.288050e-01 1.626644e-01 9.340352e-02 1.131928e-01 2.194711e-01 2.351472e-01 2.351472e-01 2.340849e-01 2.019234e-01 1.294978e-01 1.060362e-01 2.298039e-01 1.331255e-01 1.575330e-01 4.379516e-02 1.692081e-01 4.243569e-02 1.242619e-01 1.035384e-01 2.168677e-01 1.823154e-01 2.284865e-01 2.351472e-01 2.351472e-01 2.351472e-01 1.714439e-01 1.502994e-01 1.364506e-01 1.504000e-01 5.75 22
1.193499e-01 5.993807e-02 9.349453e-02 4.361252e-02 2.115439e-01 5.439702e-02 1.317958e-01 1.024505e-01 1.341633e-01 1.480646e-01 1.238730e-01 2.066955e-01 2.463530e-01 2.463530e-01 2.463530e-01 2.463530e-01 2.287954e-01 1.856047e-01 9.774680e-02 9.745451e-02 1.604819e-01 7.022338e-02 2.125609e-01 5.061027e-02 1.004468e-01 5.944848e-02 9.237341e-02 1.281098e-01 1.915926e-01 2.463530e-01 2.463530e-01 2.463530e-01 2.463530e-01 1.773532e-01 1.046834e-01 1.023120e-01 5.5 23
1.354578e-01 9.351622e-02 1.300441e-01 1.314023e-01 2.138533e-01 1.184071e-01 1.542654e-01 1.312018e-01 1.394984e-01 1.471716e-01 1.265620e-01 1.973543e-01 2.277509e-01 2.277509e-01 1.561506e-01 1.683957e-01 1.423727e-01 1.523647e-01 1.534813e-01 1.514764e-01 1.754484e-01 1.673071e-01 2.277509e-01 1.770115e-01 1.414323e-01 1.315233e-01 1.472892e-01 1.115391e-01 1.424988e-01 2.087172e-01 2.277509e-01 2.277509e-01 2.277509e-01 1.804918e-01 1.283630e-01 1.160180e-01 5.5 24
2.150452e-01 2.150452e-01 1.402421e-01 8.855911e-02 1.099654e-01 1.285236e-01 1.659165e-01 1.846300e-01 2.124363e-01 1.703376e-01 1.517261e-01 1.169539e-01 1.225790e-01 1.795090e-01 2.150452e-01 2.150452e-01 2.150452e-01 1.946267e-01 2.150452e-01 2.150452e-01 1.730247e-01 1.057261e-01 8.405760e-02 5.139198e-02 6.919238e-02 7.561081e-02 1.451319e-01 1.910082e-01 2.150452e-01 1.789181e-01 1.762896e-01 1.553413e-01 1.705485e-01 1.830122e-01 1.678708e-01 1.395663e-01 5.25 25
1.569287e-01 9.748413e-02 9.118595e-02 5.388604e-02 1.621207e-01 1.384342e-01 2.096955e-01 1.868628e-01 1.715207e-01 1.607482e-01 1.512171e-01 1.781318e-01 1.225011e-01 1.815085e-01 1.766693e-01 1.952613e-01 1.744638e-01 1.589309e-01 2.290159e-01 2.290159e-01 1.393184e-01 9.350525e-02 8.154383e-02 6.779408e-02 1.125055e-01 2.017627e-01 2.290159e-01 2.290159e-01 2.290159e-01 1.856098e-01 1.363055e-01 1.252482e-01 1.091326e-01 1.438714e-01 1.966974e-01 2.290159e-01 5.5 26
1.436207e-01 9.478008e-02 1.087555e-01 8.174955e-02 1.614533e-01 9.479867e-02 1.434060e-01 1.539492e-01 1.582055e-01 2.040735e-01 1.917250e-01 2.137561e-01 1.954633e-01 2.178854e-01 2.178854e-01 2.178854e-01 1.782679e-01 1.606785e-01 1.412293e-01 1.515978e-01 1.610950e-01 8.510322e-02 1.580355e-01 9.516720e-02 1.065602e-01 6.469815e-02 1.201357e-01 1.701598e-01 2.178854e-01 2.178854e-01 2.178854e-01 2.178854e-01 2.178854e-01 2.049852e-01 1.189899e-01 1.502655e-01 5.82 27
2.186703e-01 1.347815e-01 1.092343e-01 9.427626e-02 1.250825e-01 9.731952e-02 8.864566e-02 1.278654e-01 2.040450e-01 1.943948e-01 2.104755e-01 1.212969e-01 1.168226e-01 2.186703e-01 2.076065e-01 1.512209e-01 1.465897e-01 1.653332e-01 2.186703e-01 2.186703e-01 1.646592e-01 1.133578e-01 1.669102e-01 9.596556e-02 7.531355e-02 8.880708e-02 1.292144e-01 2.186703e-01 1.941303e-01 1.129544e-01 1.404845e-01 2.186703e-01 2.186703e-01 1.972704e-01 2.179166e-01 2.150011e-01 8.25 28
1.219307e-01 9.725643e-02 1.173846e-01 5.322197e-02 2.172686e-01 6.595836e-02 1.315220e-01 1.230469e-01 1.311737e-01 7.662643e-02 1.265520e-01 2.306112e-01 2.306112e-01 2.306112e-01 2.306112e-01 2.294945e-01 2.124994e-01 1.246396e-01 1.292869e-01 1.598674e-01 1.516702e-01 8.114600e-02 2.270200e-01 5.928253e-02 1.234162e-01 6.963187e-02 9.505385e-02 9.813451e-02 1.662799e-01 2.221478e-01 2.306112e-01 2.306112e-01 2.306112e-01 2.306112e-01 2.029376e-01 1.154174e-01 5.5 29
1.191497e-01 1.140159e-01 1.371337e-01 1.683934e-01 2.091770e-01 1.684653e-01 1.670524e-01 2.134818e-01 1.975768e-01 7.644482e-02 9.102002e-02 1.361517e-01 2.632920e-01 2.632920e-01 2.596356e-01 1.323231e-01 1.230001e-01 9.947303e-02 1.202025e-01 1.730032e-01 2.165851e-01 2.088729e-01 2.182672e-01 9.660472e-02 8.202261e-02 9.016164e-02 9.184673e-02 8.745278e-02 1.117533e-01 1.929978e-01 2.632920e-01 2.632920e-01 1.439240e-01 1.084283e-01 1.005239e-01 7.710629e-02 5.75 30
1.422684e-01 1.383154e-01 1.564227e-01 1.068881e-01 8.552863e-02 8.355185e-02 1.412013e-01 1.891195e-01 1.680232e-01 2.140798e-01 2.140798e-01 2.140798e-01 2.140798e-01 2.140798e-01 1.709588e-01 1.481147e-01 1.423968e-01 1.564246e-01 1.486292e-01 2.140798e-01 1.955982e-01 1.639538e-01 1.419597e-01 9.214168e-02 1.077477e-01 7.601787e-02 7.933527e-02 1.732059e-01 2.014518e-01 2.061807e-01 2.083319e-01 2.140798e-01 1.922509e-01 1.983381e-01 1.359712e-01 1.376390e-01 4.06 31
1.366404e-01 9.959107e-02 1.058371e-01 1.386452e-01 2.262945e-01 1.960453e-01 1.540160e-01 1.720647e-01 1.640135e-01 1.243530e-01 1.114796e-01 1.586771e-01 2.354608e-01 2.378834e-01 2.378834e-01 2.203512e-01 1.535537e-01 1.366440e-01 9.169973e-02 9.719329e-02 1.325772e-01 1.779881e-01 2.378834e-01 1.863602e-01 1.136742e-01 7.410975e-02 7.371558e-02 9.068332e-02 1.125876e-01 1.880607e-01 2.378834e-01 2.378834e-01 2.378834e-01 1.798317e-01 1.083065e-01 7.900811e-02 6.5 32
1.320604e-01 1.491758e-01 1.416934e-01 1.843505e-01 2.437383e-01 1.561331e-01 8.737472e-02 7.633438e-02 1.005083e-01 1.445244e-01 2.437383e-01 2.390986e-01 2.437383e-01 2.437383e-01 1.802121e-01 8.398225e-02 4.523609e-02 7.577728e-02 7.939382e-02 8.292763e-02 1.084584e-01 2.393859e-01 2.437383e-01 1.699947e-01 1.533818e-01 9.698069e-02 8.277049e-02 5.463696e-02 6.140294e-02 9.414141e-02 2.406227e-01 2.437383e-01 2.437383e-01 2.437383e-01 1.646452e-01 7.815484e-02 7 33
1.093806e-01 7.982817e-02 1.019487e-01 1.033129e-01 1.984957e-01 1.661560e-01 2.084480e-01 1.745277e-01 1.337194e-01 1.017436e-01 9.956869e-02 1.592463e-01 2.079895e-01 2.180508e-01 2.180508e-01 2.110805e-01 1.895991e-01 1.490881e-01 1.596349e-01 1.811768e-01 1.712200e-01 1.152844e-01 1.743121e-01 1.752817e-01 1.703221e-01 1.295709e-01 1.390598e-01 1.275574e-01 1.618895e-01 1.778697e-01 1.824787e-01 2.180508e-01 2.180508e-01 2.180508e-01 1.523625e-01 1.210852e-01 6 34
2.105090e-01 1.177905e-01 6.990980e-02 5.344658e-02 7.857957e-02 6.662995e-02 9.595334e-02 1.518021e-01 2.389185e-01 1.646796e-01 1.170374e-01 9.991077e-02 1.156027e-01 1.988325e-01 2.430309e-01 1.937184e-01 1.813313e-01 2.169318e-01 1.291340e-01 9.100769e-02 7.978444e-02 8.552209e-02 1.763419e-01 2.294260e-01 2.537278e-01 1.198760e-01 1.167002e-01 8.281795e-02 1.052834e-01 1.574491e-01 2.545648e-01 2.545648e-01 2.545648e-01 2.545648e-01 1.652942e-01 9.942383e-02 5 35
1.346614e-01 8.581892e-02 1.081159e-01 8.095013e-02 1.533409e-01 7.324402e-02 8.681092e-02 9.296063e-02 1.570599e-01 6.898778e-02 9.659600e-02 1.709290e-01 2.359802e-01 3.034925e-01 2.558061e-01 1.041350e-01 6.596898e-02 6.364030e-02 2.459985e-01 1.367387e-01 9.236703e-02 6.626906e-02 1.350270e-01 1.351719e-01 1.389047e-01 2.301006e-01 3.034925e-01 6.605752e-02 5.261336e-02 7.937113e-02 1.544434e-01 3.034925e-01 3.034925e-01 2.454870e-01 1.383501e-01 1.298418e-01 7.22 36
1.513337e-01 1.224265e-01 1.338822e-01 1.610208e-01 2.141441e-01 1.709487e-01 1.428647e-01 1.277952e-01 1.533015e-01 1.169857e-01 1.920995e-01 2.141441e-01 2.141441e-01 2.141441e-01 2.141441e-01 1.735445e-01 1.171113e-01 9.135560e-02 1.942081e-01 1.816269e-01 1.978529e-01 1.596285e-01 2.022476e-01 9.874585e-02 8.647868e-02 9.809554e-02 1.555723e-01 1.335195e-01 1.582350e-01 2.141441e-01 2.047947e-01 2.141441e-01 1.700327e-01 1.521935e-01 1.578326e-01 1.262439e-01 5.5 37
1.563026e-01 1.333297e-01 9.663913e-02 9.733572e-02 1.766609e-01 1.264632e-01 1.243580e-01 1.162955e-01 1.485000e-01 1.942041e-01 1.200326e-01 1.232622e-01 1.835064e-01 2.234370e-01 2.041933e-01 1.808248e-01 1.134225e-01 1.863973e-01 2.234370e-01 2.234370e-01 1.126930e-01 7.300966e-02 9.758248e-02 1.008576e-01 1.210745e-01 1.262706e-01 1.956371e-01 2.234370e-01 2.223152e-01 1.236335e-01 1.684850e-01 2.234370e-01 2.086339e-01 2.234370e-01 1.582652e-01 2.234370e-01 4.62 38
2.177373e-01 1.412062e-01 1.448550e-01 8.938821e-02 9.413608e-02 7.892261e-02 9.336051e-02 1.899848e-01 2.177373e-01 2.075243e-01 1.582007e-01 1.703136e-01 1.278491e-01 1.244386e-01 9.668196e-02 9.733427e-02 1.366258e-01 2.177373e-01 2.177373e-01 2.177373e-01 2.177373e-01 2.177373e-01 1.476653e-01 7.953340e-02 8.225234e-02 1.418483e-01 2.177373e-01 2.177373e-01 2.177373e-01 2.177373e-01 2.177373e-01 1.720909e-01 1.108065e-01 1.058466e-01 1.212865e-01 1.817387e-01 4.94 39
2.216943e-01 1.244016e-01 1.335369e-01 1.055769e-01 1.294617e-01 1.017749e-01 1.113630e-01 2.117085e-01 2.308437e-01 1.069149e-01 1.347083e-01 1.809943e-01 2.229887e-01 2.308437e-01 2.261329e-01 1.428153e-01 1.680732e-01 1.726425e-01 1.365874e-01 1.424525e-01 1.936674e-01 2.045601e-01 1.639536e-01 1.104526e-01 1.059002e-01 1.131513e-01 1.419861e-01 8.468962e-02 1.159286e-01 1.918087e-01 2.308437e-01 2.308437e-01 2.308437e-01 1.524661e-01 1.408778e-01 1.091401e-01 4.38 40
1.581825e-01 1.493943e-01 1.322416e-01 1.004172e-01 1.932745e-01 1.360181e-01 1.608612e-01 1.258634e-01 1.365128e-01 1.442618e-01 1.569394e-01 1.865705e-01 2.119500e-01 2.119500e-01 2.119500e-01 1.833059e-01 1.317855e-01 1.148012e-01 2.101587e-01 1.974760e-01 2.032579e-01 1.687781e-01 1.851652e-01 8.884268e-02 9.826790e-02 7.129912e-02 1.346039e-01 1.569032e-01 1.482427e-01 1.679118e-01 2.119500e-01 2.119500e-01 2.119500e-01 2.119500e-01 1.643337e-01 1.422175e-01 7 41
2.247279e-01 1.582208e-01 9.326158e-02 7.664345e-02 8.544425e-02 1.059623e-01 1.512184e-01 1.998357e-01 2.247279e-01 2.247279e-01 1.507452e-01 1.293328e-01 1.829158e-01 2.247279e-01 2.247279e-01 1.828557e-01 1.905404e-01 2.247279e-01 2.247279e-01 1.483326e-01 8.963045e-02 5.937239e-02 1.208146e-01 1.169397e-01 1.227922e-01 1.592403e-01 2.247279e-01 1.394437e-01 1.194682e-01 1.179470e-01 1.344923e-01 2.247279e-01 2.247279e-01 1.590123e-01 1.331020e-01 1.428326e-01 4.86 42
1.085830e-01 1.084495e-01 9.470689e-02 7.272901e-02 1.694296e-01 1.752793e-01 2.071789e-01 1.924315e-01 1.500942e-01 1.540361e-01 1.372656e-01 1.323824e-01 1.369822e-01 2.221507e-01 2.221507e-01 2.221507e-01 1.759248e-01 1.502435e-01 2.221507e-01 2.221507e-01 1.705757e-01 9.979606e-02 9.826016e-02 9.123815e-02 9.939496e-02 1.134184e-01 1.880160e-01 2.221507e-01 1.841534e-01 1.351048e-01 8.520024e-02 1.247796e-01 2.221507e-01 2.134939e-01 1.933599e-01 2.221507e-01 4.69 43
2.365706e-01 1.604656e-01 1.957841e-01 2.316076e-01 1.441960e-01 7.967902e-02 1.077750e-01 1.635635e-01 1.773735e-01 1.222066e-01 1.753158e-01 2.740262e-01 2.740262e-01 2.740262e-01 1.545318e-01 7.251652e-02 6.607394e-02 7.437848e-02 1.102637e-01 1.081973e-01 1.494467e-01 1.379506e-01 1.827599e-01 1.062756e-01 8.678934e-02 6.496757e-02 9.613320e-02 7.869148e-02 1.045317e-01 1.589000e-01 2.740262e-01 2.740262e-01 2.531526e-01 1.403420e-01 7.956456e-02 7.603205e-02 6.82 44
1.028933e-01 1.064494e-01 1.366739e-01 1.670131e-01 1.927791e-01 1.524891e-01 1.390348e-01 1.061226e-01 1.036200e-01 8.655544e-02 1.615000e-01 2.304916e-01 2.304916e-01 2.304916e-01 1.829947e-01 1.426976e-01 1.119964e-01 9.270791e-02 1.082617e-01 1.152587e-01 1.621500e-01 1.710513e-01 2.304916e-01 2.304916e-01 1.904279e-01 1.320157e-01 1.116001e-01 7.846637e-02 1.038627e-01 1.980756e-01 2.304916e-01 2.304916e-01 2.304916e-01 2.304916e-01 1.691066e-01 1.076335e-01 7 45
1.974924e-01 8.359201e-02 9.851376e-02 1.030153e-01 1.865377e-01 9.816689e-02 1.233703e-01 1.994163e-01 2.452798e-01 1.167193e-01 1.416057e-01 2.097548e-01 2.452798e-01 2.452798e-01 2.452798e-01 1.777654e-01 1.441244e-01 1.384543e-01 1.533165e-01 1.000646e-01 1.439846e-01 1.442933e-01 2.323441e-01 6.091154e-02 7.951409e-02 8.530570e-02 1.596261e-01 9.830078e-02 1.221930e-01 2.131108e-01 2.452798e-01 2.452798e-01 2.125299e-01 1.276534e-01 1.025097e-01 1.012717e-01 4.38 46
1.650823e-01 1.856097e-01 1.957262e-01 1.450622e-01 1.743885e-01 8.046948e-02 1.017151e-01 1.363684e-01 1.805219e-01 1.414722e-01 2.061117e-01 2.291290e-01 2.291290e-01 2.291290e-01 1.841493e-01 1.311211e-01 1.110081e-01 1.405305e-01 1.498900e-01 1.581481e-01 1.604440e-01 1.013564e-01 1.679110e-01 1.080149e-01 1.435465e-01 8.418772e-02 1.196454e-01 1.115151e-01 1.350194e-01 1.801773e-01 1.986539e-01 2.291290e-01 2.291290e-01 2.291290e-01 1.774695e-01 1.428431e-01 5.82 47
2.203360e-01 2.119524e-01 1.232565e-01 5.704618e-02 6.183579e-02 5.504848e-02 1.087825e-01 1.790461e-01 2.130259e-01 2.088788e-01 2.203360e-01 1.751125e-01 1.341643e-01 1.558386e-01 1.876809e-01 1.862635e-01 1.686766e-01 1.605544e-01 2.203360e-01 2.203360e-01 1.569797e-01 5.905486e-02 5.319248e-02 1.426835e-02 4.868199e-02 9.174935e-02 1.741569e-01 2.203360e-01 2.203360e-01 2.203360e-01 2.159846e-01 1.500653e-01 1.459289e-01 1.381655e-01 1.719209e-01 2.203360e-01 5.75 48
1.384523e-01 9.083726e-02 9.980354e-02 9.228376e-02 1.422455e-01 1.705416e-01 2.107994e-01 2.107994e-01 1.949479e-01 1.593945e-01 1.556872e-01 1.814194e-01 2.029990e-01 2.107994e-01 2.107994e-01 2.107994e-01 2.107994e-01 1.800410e-01 1.706854e-01 1.317479e-01 1.224877e-01 9.167525e-02 1.104905e-01 1.028500e-01 1.397074e-01 1.415594e-01 1.696375e-01 1.731578e-01 1.675999e-01 1.916002e-01 1.967130e-01 1.764971e-01 1.645628e-01 1.741585e-01 1.721826e-01 1.768343e-01 4.86 49
2.052081e-01 1.170594e-01 1.325369e-01 7.995579e-02 1.571542e-01 9.082234e-02 1.972800e-01 2.299818e-01 2.299818e-01 1.858953e-01 1.486240e-01 2.000207e-01 1.099731e-01 1.936149e-01 8.553726e-02 1.403380e-01 1.576320e-01 2.125175e-01 1.365449e-01 1.306081e-01 2.186468e-01 2.140714e-01 2.299818e-01 1.074388e-01 1.488997e-01 1.234524e-01 1.365821e-01 1.221874e-01 1.399025e-01 1.880942e-01 2.037736e-01 2.299818e-01 1.674430e-01 1.673311e-01 1.199504e-01 1.214968e-01 5.5 50
1.647174e-01 1.013782e-01 8.950842e-02 9.203827e-02 1.141644e-01 1.056054e-01 1.597076e-01 2.205018e-01 2.205018e-01 1.579730e-01 1.550545e-01 1.854236e-01 2.205018e-01 2.006990e-01 1.635150e-01 1.632747e-01 1.819530e-01 1.859735e-01 2.205018e-01 2.205018e-01 1.471682e-01 9.701293e-02 1.420615e-01 1.587637e-01 1.349993e-01 9.602028e-02 1.883654e-01 1.257105e-01 1.392079e-01 1.350770e-01 1.469050e-01 2.205018e-01 2.205018e-01 2.205018e-01 1.720119e-01 1.368143e-01 4 51
1.564668e-01 9.819112e-02 9.593587e-02 7.934642e-02 1.250549e-01 1.228241e-01 1.504628e-01 1.744047e-01 2.107462e-01 1.735141e-01 1.564641e-01 1.721578e-01 1.609783e-01 2.107462e-01 2.107462e-01 1.924576e-01 1.664352e-01 1.937703e-01 2.107462e-01 1.816453e-01 1.296950e-01 9.078357e-02 1.114618e-01 1.206757e-01 1.046607e-01 9.328572e-02 1.840664e-01 2.107462e-01 1.746793e-01 1.875141e-01 1.818008e-01 2.107462e-01 2.107462e-01 2.039807e-01 1.412156e-01 2.107462e-01 5.75 52
2.399019e-01 1.952912e-01 1.199116e-01 8.446692e-02 4.692810e-02 3.534150e-02 5.668324e-02 1.279486e-01 2.044742e-01 2.399019e-01 2.399019e-01 2.399019e-01 2.399019e-01 1.298357e-01 8.513156e-02 7.356609e-02 9.478182e-02 1.555495e-01 2.386482e-01 1.796760e-01 1.477223e-01 1.675920e-01 2.071264e-01 1.684483e-01 1.090896e-01 1.113341e-01 1.687823e-01 1.177818e-01 1.939114e-01 2.399019e-01 2.399019e-01 2.216287e-01 1.503711e-01 1.028821e-01 7.764436e-02 8.314621e-02 5.5 53
2.159117e-01 1.739416e-01 1.044625e-01 9.478492e-02 1.111927e-01 8.727939e-02 1.198131e-01 2.159117e-01 2.159117e-01 2.159117e-01 1.765278e-01 1.403788e-01 1.903837e-01 2.159117e-01 1.755154e-01 1.411171e-01 1.813038e-01 2.050880e-01 2.111349e-01 2.015863e-01 1.831466e-01 1.607508e-01 1.510344e-01 7.134683e-02 8.655086e-02 1.034054e-01 1.472804e-01 1.877991e-01 1.857855e-01 1.809504e-01 2.159117e-01 2.159117e-01 1.388881e-01 1.148522e-01 1.119308e-01 1.284786e-01 7 54
1.965022e-01 1.476889e-01 1.462522e-01 1.174183e-01 1.652902e-01 1.588942e-01 2.034684e-01 2.034684e-01 2.034684e-01 1.912261e-01 1.779588e-01 1.999573e-01 1.657609e-01 1.804840e-01 1.128872e-01 1.586117e-01 1.896393e-01 1.854203e-01 1.516212e-01 2.025302e-01 2.002463e-01 1.075127e-01 1.667676e-01 1.333763e-01 1.399935e-01 1.107893e-01 1.279497e-01 1.405083e-01 1.381396e-01 1.367645e-01 9.686550e-02 2.034684e-01 2.034684e-01 1.928435e-01 1.647011e-01 1.660725e-01 6.63 55
1.623223e-01 1.258427e-01 1.336983e-01 1.542973e-01 1.376587e-01 1.463722e-01 1.798036e-01 1.779270e-01 1.709905e-01 1.421051e-01 1.404389e-01 1.831516e-01 2.067403e-01 1.820831e-01 1.581759e-01 1.721322e-01 1.469830e-01 1.324097e-01 2.067403e-01 2.067403e-01 2.067403e-01 2.021199e-01 1.681730e-01 1.749709e-01 1.095409e-01 8.886155e-02 1.343567e-01 1.541477e-01 1.664767e-01 1.937354e-01 1.857947e-01 2.067403e-01 2.067403e-01 1.872773e-01 1.253641e-01 1.169051e-01 6.63 56
1.935631e-01 1.261040e-01 1.210831e-01 1.009304e-01 1.163776e-01 8.307540e-02 1.272323e-01 2.120839e-01 2.120839e-01 1.761125e-01 2.120839e-01 2.120839e-01 2.120839e-01 1.859585e-01 1.182289e-01 1.314032e-01 1.646538e-01 1.804411e-01 1.865696e-01 1.963290e-01 1.693417e-01 1.353524e-01 1.381380e-01 1.099345e-01 1.342000e-01 1.351440e-01 1.617682e-01 1.194912e-01 1.393583e-01 1.636772e-01 1.924816e-01 2.018109e-01 2.120839e-01 2.120839e-01 2.043925e-01 1.406373e-01 5.5 57
2.561966e-01 1.896508e-01 1.518266e-01 9.872784e-02 8.766154e-02 6.067947e-02 8.435947e-02 1.263435e-01 2.561966e-01 1.229368e-01 1.382000e-01 1.970186e-01 2.561966e-01 2.561966e-01 1.534616e-01 1.144013e-01 1.008982e-01 1.121685e-01 1.854275e-01 1.796046e-01 1.909356e-01 1.733187e-01 1.858722e-01 9.140427e-02 1.072187e-01 1.124601e-01 1.463361e-01 1.121936e-01 1.176839e-01 1.313781e-01 2.150589e-01 2.561966e-01 2.561966e-01 1.652941e-01 1.418316e-01 1.074947e-01 4.38 58
1.362599e-01 1.081025e-01 1.355897e-01 1.249057e-01 2.106885e-01 9.698594e-02 1.282584e-01 1.077415e-01 1.341559e-01 1.809904e-01 2.171386e-01 2.171386e-01 2.171386e-01 2.171386e-01 1.882799e-01 1.509014e-01 1.327949e-01 1.461696e-01 2.160285e-01 1.671447e-01 1.405690e-01 8.692060e-02 1.564540e-01 9.945597e-02 1.278162e-01 1.010900e-01 1.648316e-01 1.839106e-01 1.516918e-01 1.527025e-01 1.546832e-01 2.171386e-01 2.171386e-01 2.171386e-01 1.931617e-01 2.109050e-01 6.14 59
1.597257e-01 9.057370e-02 9.960631e-02 3.549407e-02 1.342009e-01 7.454053e-02 1.900703e-01 2.136866e-01 2.104993e-01 1.963592e-01 1.473336e-01 1.819819e-01 2.291500e-01 2.291500e-01 2.276489e-01 1.769076e-01 1.414413e-01 1.707399e-01 1.646859e-01 1.108336e-01 1.254629e-01 8.094016e-02 1.642644e-01 6.406128e-02 1.446572e-01 1.557965e-01 1.825935e-01 8.715107e-02 9.367150e-02 1.855461e-01 2.291500e-01 2.291500e-01 2.291500e-01 2.291500e-01 1.718244e-01 1.143509e-01 4.38 60
1.232652e-01 1.078922e-01 1.048452e-01 1.094596e-01 2.378475e-01 2.038578e-01 1.459944e-01 9.842764e-02 1.125312e-01 1.376573e-01 1.496655e-01 1.813108e-01 2.378475e-01 2.378475e-01 2.378475e-01 1.715725e-01 1.039133e-01 1.381182e-01 1.194924e-01 1.271064e-01 1.124023e-01 1.115425e-01 2.378475e-01 2.025249e-01 1.625346e-01 1.138488e-01 1.041413e-01 1.049884e-01 1.069083e-01 1.266074e-01 2.075126e-01 2.378475e-01 2.378475e-01 2.378475e-01 1.702615e-01 1.468941e-01 5.5 61
2.194970e-01 9.621941e-02 1.636463e-01 5.160984e-02 2.232010e-01 3.615161e-02 1.747161e-01 1.562480e-01 2.232010e-01 1.713330e-01 1.189093e-01 2.102411e-01 6.758372e-02 2.232010e-01 4.059676e-02 1.629113e-01 1.027489e-01 1.728311e-01 2.232010e-01 1.284139e-01 1.855929e-01 1.264288e-01 2.232010e-01 3.761844e-02 1.521290e-01 1.336579e-01 2.232010e-01 1.489114e-01 1.156890e-01 2.191634e-01 1.994179e-01 2.232010e-01 1.307034e-01 2.226280e-01 1.513863e-01 1.581062e-01 5.25 62
2.153740e-01 1.682881e-01 1.281934e-01 1.048861e-01 1.374922e-01 9.016547e-02 9.697989e-02 1.347787e-01 2.036592e-01 1.958237e-01 2.144139e-01 2.153740e-01 2.153740e-01 2.153740e-01 2.047772e-01 1.592685e-01 1.692038e-01 1.711287e-01 1.813630e-01 1.300672e-01 1.214232e-01 9.489542e-02 1.364601e-01 1.236253e-01 1.037495e-01 9.304743e-02 1.555609e-01 1.461426e-01 1.455371e-01 1.830007e-01 1.936664e-01 2.153740e-01 2.153740e-01 2.153740e-01 1.606962e-01 1.532431e-01 5.5 63
1.317352e-01 8.153252e-02 1.100257e-01 1.127728e-01 1.704327e-01 1.099994e-01 1.506902e-01 1.564986e-01 1.611686e-01 1.774667e-01 1.470145e-01 2.150708e-01 2.161347e-01 2.161347e-01 1.817467e-01 1.807740e-01 1.940492e-01 1.919048e-01 1.415037e-01 1.306311e-01 1.429733e-01 1.158633e-01 1.954632e-01 1.321941e-01 1.322844e-01 1.054806e-01 1.252172e-01 1.591516e-01 1.699566e-01 2.039295e-01 2.161347e-01 2.161347e-01 2.161347e-01 2.161347e-01 1.704405e-01 1.456696e-01 6.07 64
1.515213e-01 1.304039e-01 1.175434e-01 9.118161e-02 1.695615e-01 1.643028e-01 1.707617e-01 1.293444e-01 1.550090e-01 1.082649e-01 1.155675e-01 1.491114e-01 1.670577e-01 2.130763e-01 2.130763e-01 2.130763e-01 1.569062e-01 1.349625e-01 2.130763e-01 2.130763e-01 1.840475e-01 1.355496e-01 1.682552e-01 1.012136e-01 9.715370e-02 8.187760e-02 1.377765e-01 2.115590e-01 1.839236e-01 2.119519e-01 2.059779e-01 2.130763e-01 2.130763e-01 1.837900e-01 1.556729e-01 1.627941e-01 7.43 65
1.822366e-01 1.233891e-01 9.825460e-02 9.247438e-02 1.703030e-01 1.197098e-01 1.276332e-01 1.637516e-01 2.094954e-01 1.953061e-01 1.652784e-01 1.842901e-01 2.094954e-01 2.094954e-01 2.047629e-01 1.581419e-01 1.741471e-01 2.094954e-01 1.780161e-01 1.698172e-01 1.337667e-01 1.126629e-01 1.647043e-01 1.511647e-01 1.327458e-01 1.156892e-01 1.596561e-01 1.911791e-01 1.620317e-01 1.352807e-01 1.282577e-01 1.893986e-01 2.094954e-01 1.871585e-01 1.620290e-01 1.962013e-01 6.32 66
1.569324e-01 9.883764e-02 1.193404e-01 8.802854e-02 1.118728e-01 8.928402e-02 1.233144e-01 1.411261e-01 1.850836e-01 9.094741e-02 1.036203e-01 1.759364e-01 2.510603e-01 2.510603e-01 2.510603e-01 1.611568e-01 1.409751e-01 1.200900e-01 2.176310e-01 1.659951e-01 1.284219e-01 9.807888e-02 1.114550e-01 8.208678e-02 9.215857e-02 1.050898e-01 1.677871e-01 1.676878e-01 1.332788e-01 1.466513e-01 2.510603e-01 2.510603e-01 2.510603e-01 2.401831e-01 1.816380e-01 1.984440e-01 6 67
1.352433e-01 9.295734e-02 1.156864e-01 1.290512e-01 2.072642e-01 1.112032e-01 1.148931e-01 1.051596e-01 1.381966e-01 1.177930e-01 1.558620e-01 2.179368e-01 2.578037e-01 2.578037e-01 2.252776e-01 1.507729e-01 9.728035e-02 1.072888e-01 1.090446e-01 9.415348e-02 1.325972e-01 2.082375e-01 2.578037e-01 1.652990e-01 1.329414e-01 1.027255e-01 1.200349e-01 7.148131e-02 9.136747e-02 1.670365e-01 2.578037e-01 2.578037e-01 2.578037e-01 2.101396e-01 1.393677e-01 9.408009e-02 5.5 68
1.583689e-01 7.017350e-02 7.212347e-02 7.710069e-02 1.708375e-01 1.420428e-01 1.292642e-01 1.189658e-01 1.838893e-01 1.988396e-01 1.172951e-01 1.105972e-01 1.182651e-01 2.140324e-01 2.140324e-01 1.794520e-01 1.372648e-01 2.059528e-01 2.140324e-01 2.140324e-01 1.381713e-01 1.206964e-01 1.818467e-01 1.766449e-01 1.486095e-01 1.227605e-01 2.140324e-01 2.140324e-01 1.495716e-01 1.200811e-01 1.244592e-01 2.140324e-01 2.140324e-01 2.140324e-01 1.623859e-01 2.140324e-01 5.5 69
2.266009e-01 9.748852e-02 1.042171e-01 1.277535e-01 8.191556e-02 6.943464e-02 1.193472e-01 2.266009e-01 2.266009e-01 2.266009e-01 2.123439e-01 2.266009e-01 2.266009e-01 1.491791e-01 1.210774e-01 1.544899e-01 2.266009e-01 2.266009e-01 1.910827e-01 1.394291e-01 1.412289e-01 1.256402e-01 1.112991e-01 5.869903e-02 6.703211e-02 6.238925e-02 1.545322e-01 2.182548e-01 1.996768e-01 2.047739e-01 2.183220e-01 1.611380e-01 1.426439e-01 1.365023e-01 1.206844e-01 1.564833e-01 7.43 70
1.537083e-01 1.202464e-01 1.317042e-01 1.162814e-01 1.412189e-01 1.251302e-01 1.787272e-01 2.096058e-01 1.937106e-01 1.465034e-01 1.453226e-01 2.096058e-01 2.096058e-01 2.096058e-01 1.846492e-01 1.400011e-01 1.416288e-01 1.507688e-01 1.678571e-01 1.858146e-01 2.096058e-01 1.575866e-01 1.469162e-01 1.344630e-01 1.234389e-01 1.212601e-01 1.450587e-01 1.461557e-01 1.565744e-01 2.096058e-01 2.096058e-01 2.096058e-01 2.096058e-01 1.851663e-01 1.284061e-01 1.290900e-01 3.57 71
1.619825e-01 6.400162e-02 9.316134e-02 9.839536e-02 2.111754e-01 8.834400e-02 8.716679e-02 8.211261e-02 1.649554e-01 1.126327e-01 1.046227e-01 1.469345e-01 2.281029e-01 2.504158e-01 2.504158e-01 1.803438e-01 1.348253e-01 1.286546e-01 1.509340e-01 8.511791e-02 1.588655e-01 1.872382e-01 2.208291e-01 9.927339e-02 8.554143e-02 9.256768e-02 1.533489e-01 1.403233e-01 1.971245e-01 2.504158e-01 2.504158e-01 2.504158e-01 2.504158e-01 1.685263e-01 1.460300e-01 1.413480e-01 4.86 72
1.927167e-01 1.107861e-01 8.258507e-02 7.346061e-02 1.851623e-01 1.040069e-01 1.027748e-01 9.427892e-02 1.751871e-01 1.607283e-01 1.028090e-01 9.278288e-02 1.629637e-01 2.601348e-01 2.601348e-01 2.601348e-01 2.601348e-01 1.656827e-01 1.004266e-01 6.403846e-02 8.538750e-02 1.391337e-01 2.601348e-01 2.073137e-01 1.379710e-01 9.935755e-02 1.067043e-01 7.929966e-02 8.359962e-02 1.540214e-01 2.601348e-01 2.601348e-01 2.601348e-01 1.647971e-01 9.948445e-02 6.768554e-02 5.5 73
1.287763e-01 1.127362e-01 1.208366e-01 1.141121e-01 2.527184e-01 1.474737e-01 1.561813e-01 1.325821e-01 1.295884e-01 9.776738e-02 1.044745e-01 1.901491e-01 2.579634e-01 2.579634e-01 2.579634e-01 1.756587e-01 1.092829e-01 9.758197e-02 1.533329e-01 1.507731e-01 1.510535e-01 1.316202e-01 2.416459e-01 1.158908e-01 1.052180e-01 9.701776e-02 1.322833e-01 1.028883e-01 1.065494e-01 1.528924e-01 2.579634e-01 2.579634e-01 2.579634e-01 1.680849e-01 1.050181e-01 9.847294e-02 5.05 74
2.175496e-01 1.761581e-01 1.329921e-01 1.155281e-01 9.179830e-02 7.190631e-02 1.070396e-01 1.259464e-01 2.175496e-01 2.175496e-01 2.006976e-01 2.175496e-01 2.175496e-01 2.175496e-01 1.891901e-01 2.007186e-01 1.394496e-01 1.862144e-01 1.258719e-01 1.172830e-01 1.464747e-01 1.645630e-01 2.175496e-01 1.298230e-01 1.185792e-01 8.097288e-02 1.030633e-01 8.878279e-02 1.112823e-01 1.592165e-01 2.175496e-01 2.175496e-01 2.175496e-01 2.175496e-01 1.553081e-01 9.981624e-02 7.38 75
2.275709e-01 2.275709e-01 1.850524e-01 1.060349e-01 8.147941e-02 5.908010e-02 6.108906e-02 9.383465e-02 2.038307e-01 2.275709e-01 2.242431e-01 1.472334e-01 1.274804e-01 1.460483e-01 1.544295e-01 1.769746e-01 1.709540e-01 2.101677e-01 2.275709e-01 2.275709e-01 1.661761e-01 1.001897e-01 8.695725e-02 6.679790e-02 7.516254e-02 1.208526e-01 2.234843e-01 2.275709e-01 1.846013e-01 1.281181e-01 1.104378e-01 1.281448e-01 1.476342e-01 1.804437e-01 1.906031e-01 2.275709e-01 4.86 76
1.129791e-01 5.431908e-02 6.212497e-02 7.126892e-02 1.528978e-01 1.277088e-01 1.465783e-01 1.272924e-01 1.354416e-01 1.033747e-01 9.830344e-02 1.696879e-01 2.184617e-01 2.279053e-01 2.279053e-01 2.279053e-01 2.117267e-01 1.491503e-01 1.585927e-01 1.277499e-01 1.383604e-01 1.589939e-01 2.279053e-01 1.965186e-01 1.792490e-01 1.306538e-01 1.350323e-01 1.156774e-01 1.142305e-01 1.623749e-01 1.895788e-01 2.279053e-01 2.279053e-01 2.279053e-01 2.279053e-01 1.395414e-01 5.5 77
1.331744e-01 1.087163e-01 1.127954e-01 1.322024e-01 1.906608e-01 1.811772e-01 1.810939e-01 1.763394e-01 1.547048e-01 1.618571e-01 1.642178e-01 1.953852e-01 2.091500e-01 2.091500e-01 1.817588e-01 1.635826e-01 1.450442e-01 1.300492e-01 1.662024e-01 1.852483e-01 1.681116e-01 1.486566e-01 1.783275e-01 1.441478e-01 1.225921e-01 1.157231e-01 1.256411e-01 1.080873e-01 1.453703e-01 1.850072e-01 2.091500e-01 2.091500e-01 2.091500e-01 2.091500e-01 2.009396e-01 1.232432e-01 4.3 78
1.019236e-01 7.289437e-02 8.715086e-02 1.110255e-01 2.015179e-01 1.318923e-01 1.448227e-01 1.202148e-01 1.081085e-01 1.411507e-01 1.480252e-01 1.648166e-01 2.327780e-01 2.327780e-01 2.327780e-01 2.017335e-01 1.539883e-01 1.273935e-01 1.925256e-01 1.462286e-01 1.203775e-01 1.373123e-01 1.796005e-01 1.203791e-01 1.126666e-01 1.078423e-01 1.471291e-01 1.539020e-01 1.515994e-01 2.063139e-01 2.327780e-01 2.327780e-01 2.327780e-01 2.308888e-01 1.889946e-01 1.474195e-01 5.5 79
1.530165e-01 1.178068e-01 1.021380e-01 7.431114e-02 1.493352e-01 1.429157e-01 1.556388e-01 1.730329e-01 1.735985e-01 6.571102e-02 9.476791e-02 1.743743e-01 2.675290e-01 2.675290e-01 2.675290e-01 1.614285e-01 7.872979e-02 6.988759e-02 1.731739e-01 1.829384e-01 1.590313e-01 1.749114e-01 1.923331e-01 9.266911e-02 1.200193e-01 1.233462e-01 1.478890e-01 6.271079e-02 6.989174e-02 1.256802e-01 2.675290e-01 2.675290e-01 2.675290e-01 2.257590e-01 1.085405e-01 7.534981e-02 7.38 80
9.212440e-02 8.545893e-02 8.598008e-02 8.193868e-02 2.206771e-01 1.851481e-01 1.665941e-01 1.342534e-01 1.118294e-01 8.405030e-02 1.058791e-01 1.192695e-01 2.339049e-01 2.696429e-01 2.696429e-01 2.438059e-01 1.225166e-01 9.272429e-02 1.058178e-01 1.316182e-01 1.596022e-01 1.604424e-01 2.541675e-01 1.578066e-01 1.050185e-01 8.470777e-02 9.105290e-02 6.587166e-02 8.177999e-02 1.630581e-01 2.696429e-01 2.696429e-01 2.696429e-01 1.856547e-01 1.367396e-01 9.235418e-02 4.73 81
1.038333e-01 8.760880e-02 1.120425e-01 9.343137e-02 2.459351e-01 1.408094e-01 1.668399e-01 1.694005e-01 1.439846e-01 8.527916e-02 1.272003e-01 1.963658e-01 2.565919e-01 2.565919e-01 2.565919e-01 1.482581e-01 1.081149e-01 8.582380e-02 1.276707e-01 1.402759e-01 1.474643e-01 1.236328e-01 2.565919e-01 1.442970e-01 1.350169e-01 1.158767e-01 1.271861e-01 8.553406e-02 8.506610e-02 1.409376e-01 2.565919e-01 2.565919e-01 2.565919e-01 1.876146e-01 1.298436e-01 1.030789e-01 4.09 82
1.360162e-01 1.079822e-01 1.014537e-01 7.732351e-02 1.793144e-01 1.372333e-01 1.950923e-01 1.482115e-01 1.373752e-01 1.301788e-01 1.161170e-01 1.387338e-01 1.220365e-01 2.047448e-01 1.887814e-01 2.047448e-01 1.730951e-01 1.453243e-01 2.047448e-01 2.017232e-01 1.693822e-01 1.889755e-01 2.047448e-01 1.555314e-01 1.473083e-01 1.197652e-01 1.657287e-01 1.783707e-01 1.622065e-01 1.634584e-01 1.936745e-01 2.047448e-01 1.970828e-01 2.025827e-01 1.844348e-01 1.836930e-01 6.14 83
2.097106e-01 1.082434e-01 1.062187e-01 8.108065e-02 1.111378e-01 1.054132e-01 1.450680e-01 2.194136e-01 2.194136e-01 2.194136e-01 1.959282e-01 2.194136e-01 1.751628e-01 1.799537e-01 1.672569e-01 1.487351e-01 1.632410e-01 2.194136e-01 1.857941e-01 1.968867e-01 1.782457e-01 1.501144e-01 2.194136e-01 8.301605e-02 8.925164e-02 9.333269e-02 1.241583e-01 1.500553e-01 1.516761e-01 1.841598e-01 2.194136e-01 2.194136e-01 1.632021e-01 1.370087e-01 1.124033e-01 1.206311e-01 7 84
1.744360e-01 9.232484e-02 9.401227e-02 7.510951e-02 8.217371e-02 4.864598e-02 1.354225e-01 2.316719e-01 2.316719e-01 2.316719e-01 2.316719e-01 1.699934e-01 1.371605e-01 1.258360e-01 8.272825e-02 1.588474e-01 2.316719e-01 2.316719e-01 1.843371e-01 2.033954e-01 1.537985e-01 7.588489e-02 8.142398e-02 5.144297e-02 1.686026e-01 1.502867e-01 2.098667e-01 2.023657e-01 1.786151e-01 1.664409e-01 9.611336e-02 1.113046e-01 9.571507e-02 2.316719e-01 2.316719e-01 2.316719e-01 5.18 85
1.564555e-01 1.148206e-01 1.307236e-01 9.422728e-02 1.571944e-01 1.035784e-01 1.487723e-01 1.484011e-01 1.711871e-01 1.363119e-01 1.404760e-01 1.684957e-01 1.580606e-01 2.316057e-01 1.759300e-01 1.878757e-01 1.529676e-01 1.573164e-01 2.316057e-01 2.316057e-01 1.684772e-01 7.610962e-02 7.869701e-02 5.949207e-02 7.315237e-02 1.017662e-01 2.316057e-01 2.316057e-01 2.316057e-01 1.636512e-01 1.739975e-01 2.316057e-01 2.039399e-01 1.599576e-01 1.308037e-01 2.119806e-01 5.5 86
2.183343e-01 8.045966e-02 8.263513e-02 7.359403e-02 2.250459e-01 1.534750e-01 1.477735e-01 1.398291e-01 2.250459e-01 1.561379e-01 1.626556e-01 2.102224e-01 2.046344e-01 2.250459e-01 2.139930e-01 1.509189e-01 1.324285e-01 1.554600e-01 2.250459e-01 1.097985e-01 9.473550e-02 7.758757e-02 2.057734e-01 1.164284e-01 1.190763e-01 1.343800e-01 2.250459e-01 1.329497e-01 1.116590e-01 1.406460e-01 1.637349e-01 2.250459e-01 2.250459e-01 1.765448e-01 1.400818e-01 1.557510e-01 6.81 87
1.997785e-01 1.806663e-01 1.768460e-01 1.444647e-01 1.493257e-01 1.006717e-01 1.160937e-01 1.185081e-01 1.715579e-01 1.679200e-01 2.238745e-01 2.238745e-01 2.238745e-01 2.238745e-01 2.213107e-01 1.905798e-01 1.108235e-01 9.425285e-02 1.209586e-01 1.079821e-01 1.463687e-01 1.345094e-01 1.877458e-01 1.590886e-01 1.286945e-01 7.750106e-02 1.124558e-01 1.213205e-01 1.299032e-01 1.879132e-01 1.911852e-01 2.238745e-01 2.238745e-01 2.238745e-01 1.358221e-01 1.301213e-01 6.27 88
9.014701e-02 6.922247e-02 1.085133e-01 1.168631e-01 2.025767e-01 1.490298e-01 1.354207e-01 1.231082e-01 1.137503e-01 9.542180e-02 1.170268e-01 2.242202e-01 2.660554e-01 2.660554e-01 2.660554e-01 1.834715e-01 1.175839e-01 9.322915e-02 1.348222e-01 1.280799e-01 1.430206e-01 1.516318e-01 2.176559e-01 1.328433e-01 1.157310e-01 7.771294e-02 9.772606e-02 9.439447e-02 9.620181e-02 1.784011e-01 2.660554e-01 2.660554e-01 2.660554e-01 2.163066e-01 1.364955e-01 1.027418e-01 5.75 89
1.561041e-01 1.084732e-01 1.008557e-01 9.708854e-02 1.082679e-01 9.111147e-02 1.617035e-01 2.060117e-01 2.015253e-01 1.944247e-01 1.475615e-01 1.675488e-01 1.802062e-01 1.801452e-01 1.624806e-01 2.060117e-01 2.060117e-01 2.060117e-01 1.910263e-01 1.797783e-01 1.539590e-01 9.456620e-02 1.059615e-01 9.577030e-02 1.231870e-01 1.309587e-01 1.544542e-01 2.060117e-01 2.036821e-01 2.060117e-01 1.705629e-01 1.597223e-01 1.605587e-01 2.014515e-01 2.060117e-01 2.023197e-01 5.5 90
1.702459e-01 1.122242e-01 1.137827e-01 1.418831e-01 2.155700e-01 1.333993e-01 1.201865e-01 1.935470e-01 2.155700e-01 1.503339e-01 1.190084e-01 1.706711e-01 2.155700e-01 2.155700e-01 1.720688e-01 1.181318e-01 1.261011e-01 1.480763e-01 1.945895e-01 1.425366e-01 1.521854e-01 1.535051e-01 2.155700e-01 1.442260e-01 8.080649e-02 9.843294e-02 2.036029e-01 2.146183e-01 1.429613e-01 1.694991e-01 2.155700e-01 2.155700e-01 2.155700e-01 1.109518e-01 1.106266e-01 1.828669e-01 4.86 91
1.396811e-01 9.594806e-02 1.056709e-01 1.393521e-01 1.390608e-01 1.128294e-01 1.410925e-01 1.638083e-01 1.877342e-01 1.704946e-01 1.873471e-01 2.219910e-01 2.219910e-01 2.219910e-01 2.219910e-01 2.001113e-01 1.577863e-01 1.764976e-01 1.010749e-01 1.111236e-01 1.475306e-01 1.660056e-01 1.923975e-01 1.310803e-01 1.061026e-01 7.974596e-02 9.287191e-02 1.160689e-01 1.603440e-01 2.219910e-01 2.219910e-01 2.219910e-01 2.219910e-01 2.198058e-01 1.398657e-01 1.129448e-01 5.18 92
2.205226e-01 1.270580e-01 8.605675e-02 6.145426e-02 1.079351e-01 8.274795e-02 1.351418e-01 2.205226e-01 2.205226e-01 2.205226e-01 2.115333e-01 1.844281e-01 1.849519e-01 1.862334e-01 1.274908e-01 1.336603e-01 1.799692e-01 2.205226e-01 1.946211e-01 1.914531e-01 1.517610e-01 9.322185e-02 1.410128e-01 1.018603e-01 1.019181e-01 1.121687e-01 1.584710e-01 1.641731e-01 1.664625e-01 1.593726e-01 1.508509e-01 2.205226e-01 2.205226e-01 1.951608e-01 1.785475e-01 1.547986e-01 6.81 93
1.173184e-01 7.554193e-02 1.186956e-01 1.388156e-01 2.261051e-01 1.204321e-01 1.518993e-01 1.650688e-01 1.756822e-01 1.040074e-01 1.343125e-01 1.811045e-01 2.386727e-01 2.386727e-01 2.386727e-01 1.622868e-01 1.080644e-01 1.043057e-01 1.277045e-01 1.219172e-01 1.815163e-01 2.386727e-01 2.386727e-01 1.187212e-01 1.169781e-01 9.559835e-02 1.138067e-01 9.497292e-02 1.055876e-01 1.796368e-01 2.386727e-01 2.386727e-01 2.386727e-01 2.019036e-01 1.344283e-01 9.394702e-02 4.73 94
1.256369e-01 9.245928e-02 8.367409e-02 8.288836e-02 1.233969e-01 1.130218e-01 1.406089e-01 2.158823e-01 2.158823e-01 1.433173e-01 1.606149e-01 1.690992e-01 2.158823e-01 2.158823e-01 2.158823e-01 1.564858e-01 1.697569e-01 1.819192e-01 1.513843e-01 2.158823e-01 2.158823e-01 1.836268e-01 1.823636e-01 1.644065e-01 1.531373e-01 1.100626e-01 9.898909e-02 1.121442e-01 1.342448e-01 1.447978e-01 1.666360e-01 2.158823e-01 2.158823e-01 2.158823e-01 1.734414e-01 1.222302e-01 4.19 95
1.377888e-01 1.333398e-01 2.087053e-01 1.365269e-01 1.619120e-01 1.565527e-01 1.480484e-01 1.600003e-01 1.757697e-01 1.566828e-01 1.746814e-01 2.155854e-01 1.959488e-01 2.155854e-01 1.874850e-01 1.564055e-01 1.698047e-01 1.870574e-01 1.432565e-01 1.391158e-01 1.337946e-01 9.067568e-02 1.456593e-01 1.577983e-01 1.924969e-01 1.469115e-01 1.487347e-01 1.214537e-01 1.069800e-01 1.278611e-01 1.239072e-01 2.155854e-01 2.155854e-01 2.155854e-01 2.155854e-01 1.592721e-01 3.63 96
1.391080e-01 1.092497e-01 9.989463e-02 8.533673e-02 1.483398e-01 1.367130e-01 1.645040e-01 1.722062e-01 1.679540e-01 1.344938e-01 1.326017e-01 1.543642e-01 2.110856e-01 2.251971e-01 2.251971e-01 2.251971e-01 1.954576e-01 1.594097e-01 1.829008e-01 2.131225e-01 1.788475e-01 1.439607e-01 1.621716e-01 1.204028e-01 1.117647e-01 1.074106e-01 1.339848e-01 1.301874e-01 1.454626e-01 1.846092e-01 2.251971e-01 2.251971e-01 2.251971e-01 1.857708e-01 1.335571e-01 1.223852e-01 6.27 97
1.150779e-01 1.082100e-01 1.436208e-01 1.450292e-01 2.069826e-01 1.391120e-01 1.692524e-01 1.531277e-01 1.304047e-01 1.260381e-01 1.843680e-01 2.191993e-01 2.218132e-01 2.218132e-01 2.218132e-01 1.920891e-01 1.395205e-01 1.060183e-01 1.710577e-01 1.975923e-01 1.494436e-01 1.182142e-01 1.827717e-01 1.753559e-01 1.442957e-01 1.149995e-01 1.273719e-01 1.032934e-01 1.205952e-01 1.484129e-01 2.135635e-01 2.218132e-01 2.218132e-01 2.198316e-01 1.365798e-01 1.081355e-01 5.5 98
2.295512e-01 1.861862e-01 1.164068e-01 8.948268e-02 1.120103e-01 7.060177e-02 6.829657e-02 6.946737e-02 1.513261e-01 1.753830e-01 1.763206e-01 1.975910e-01 2.295512e-01 2.295512e-01 2.011990e-01 1.228154e-01 8.862114e-02 1.388353e-01 2.295512e-01 2.295512e-01 1.431938e-01 1.419059e-01 1.055691e-01 6.764403e-02 5.487744e-02 8.477979e-02 2.295512e-01 1.873601e-01 1.733339e-01 2.155336e-01 2.295512e-01 2.295512e-01 2.283547e-01 1.698205e-01 1.000415e-01 1.398723e-01 5.82 99
1.321264e-01 1.160977e-01 1.306727e-01 1.487869e-01 1.981281e-01 1.103874e-01 1.453717e-01 1.387105e-01 1.383504e-01 1.835260e-01 1.447323e-01 1.693835e-01 2.097121e-01 2.097121e-01 1.549431e-01 1.650464e-01 1.634096e-01 1.863724e-01 1.319050e-01 1.837521e-01 1.974055e-01 1.266672e-01 1.929338e-01 1.042929e-01 1.088894e-01 8.707450e-02 1.058008e-01 1.916010e-01 2.097121e-01 2.097121e-01 2.097121e-01 2.097121e-01 2.097121e-01 1.931354e-01 1.656888e-01 1.692970e-01 7.38 100
7.002087e-02 5.366075e-02 7.016364e-02 6.434447e-02 2.103693e-01 1.761959e-01 1.906541e-01 1.024359e-01 7.479988e-02 6.531914e-02 9.234793e-02 1.757624e-01 2.459614e-01 2.482891e-01 2.482891e-01 2.482891e-01 1.278525e-01 7.027064e-02 2.482891e-01 1.874309e-01 6.901451e-02 5.904990e-02 1.099565e-01 1.354083e-01 1.830363e-01 1.396396e-01 2.086858e-01 1.423349e-01 8.279054e-02 1.162625e-01 1.790399e-01 2.482891e-01 2.482891e-01 2.482891e-01 1.955893e-01 1.308353e-01 6.27 101
1.412371e-01 1.280421e-01 1.936732e-01 1.099799e-01 2.192660e-01 8.944464e-02 1.485368e-01 1.175605e-01 1.475051e-01 1.380686e-01 1.640695e-01 2.192660e-01 2.018069e-01 2.192660e-01 1.490551e-01 1.900967e-01 1.566556e-01 1.417922e-01 1.775479e-01 1.159037e-01 1.542384e-01 9.414645e-02 2.192660e-01 8.755413e-02 1.606395e-01 1.341971e-01 1.940471e-01 1.598194e-01 1.008507e-01 1.498856e-01 1.563311e-01 2.192660e-01 1.769603e-01 2.192660e-01 2.192660e-01 2.036717e-01 7 102
1.253259e-01 8.821810e-02 1.435839e-01 1.693516e-01 1.980475e-01 1.033467e-01 1.026487e-01 8.324387e-02 1.317121e-01 1.438316e-01 1.753063e-01 2.441056e-01 2.441056e-01 2.441056e-01 1.900303e-01 1.446783e-01 9.418081e-02 1.190728e-01 8.488515e-02 7.890791e-02 1.360536e-01 1.721933e-01 2.441056e-01 1.843212e-01 1.426154e-01 7.712155e-02 8.128729e-02 9.559774e-02 1.243054e-01 2.173786e-01 2.441056e-01 2.441056e-01 2.441056e-01 2.441056e-01 1.556132e-01 9.881045e-02 6.7 103
2.329384e-01 1.707343e-01 1.464523e-01 1.373278e-01 1.184681e-01 5.772654e-02 7.471955e-02 1.565270e-01 2.329384e-01 1.808082e-01 2.172946e-01 2.329384e-01 2.329384e-01 2.329384e-01 1.459299e-01 1.035720e-01 9.515140e-02 1.414578e-01 2.044231e-01 9.741300e-02 9.878327e-02 1.202604e-01 2.113647e-01 1.304824e-01 9.932350e-02 1.154318e-01 2.248657e-01 9.573616e-02 8.860192e-02 1.407970e-01 2.234445e-01 2.329384e-01 2.329384e-01 1.930059e-01 1.231896e-01 1.101216e-01 6.7 104
1.251118e-01 9.410613e-02 1.173419e-01 1.250623e-01 1.661859e-01 1.128250e-01 1.555699e-01 1.999922e-01 1.835383e-01 1.381497e-01 1.531176e-01 1.895197e-01 2.216253e-01 2.216253e-01 1.942257e-01 1.626910e-01 1.513111e-01 1.307474e-01 1.600230e-01 2.014579e-01 1.908674e-01 1.982675e-01 1.821731e-01 1.101812e-01 1.179117e-01 8.607325e-02 9.689549e-02 1.238502e-01 1.536038e-01 2.018204e-01 2.216253e-01 2.216253e-01 2.051679e-01 2.030496e-01 1.739828e-01 1.323999e-01 6.91 105
1.361481e-01 9.818498e-02 9.553544e-02 5.461288e-02 1.852797e-01 9.637846e-02 1.440884e-01 1.163828e-01 1.350760e-01 1.093467e-01 1.102102e-01 1.532029e-01 2.247287e-01 2.607197e-01 2.607197e-01 2.607197e-01 1.987929e-01 1.398701e-01 2.029552e-01 1.245474e-01 1.144970e-01 8.088935e-02 1.938119e-01 9.177084e-02 1.262182e-01 8.598982e-02 1.716044e-01 1.301574e-01 9.433710e-02 1.164838e-01 1.635907e-01 2.607197e-01 2.607197e-01 2.607197e-01 1.898796e-01 1.455934e-01 6.51 106
1.822061e-01 7.828645e-02 7.947835e-02 7.041516e-02 1.014381e-01 1.370273e-01 1.927122e-01 1.674887e-01 2.164558e-01 2.164558e-01 1.175602e-01 9.891887e-02 1.025455e-01 1.395001e-01 1.949174e-01 2.164558e-01 1.893594e-01 2.164558e-01 2.164558e-01 2.164558e-01 1.345011e-01 8.208431e-02 9.672739e-02 1.105389e-01 1.296472e-01 1.301558e-01 2.164558e-01 2.164558e-01 1.770978e-01 1.341189e-01 1.360718e-01 1.714731e-01 2.164558e-01 2.164558e-01 1.868223e-01 2.164558e-01 5.25 107
1.832862e-01 1.424358e-01 1.348819e-01 1.495972e-01 1.854286e-01 1.284129e-01 1.397182e-01 1.656339e-01 1.941780e-01 1.046869e-01 1.332980e-01 2.214420e-01 2.304483e-01 2.304483e-01 2.304483e-01 1.510345e-01 1.122042e-01 9.800664e-02 1.910939e-01 1.124105e-01 1.004172e-01 9.699043e-02 1.444329e-01 1.153337e-01 1.401137e-01 1.766534e-01 2.228631e-01 1.041721e-01 8.069393e-02 1.247533e-01 2.290622e-01 2.304483e-01 2.304483e-01 2.201558e-01 1.668682e-01 1.291721e-01 5.18 108
1.019358e-01 7.398172e-02 8.977737e-02 1.528732e-01 2.053507e-01 1.039433e-01 1.338448e-01 1.975995e-01 1.992358e-01 1.100370e-01 1.275083e-01 1.924515e-01 2.412288e-01 2.412288e-01 2.113653e-01 1.539165e-01 1.337550e-01 1.365266e-01 1.163144e-01 1.886887e-01 1.628734e-01 1.509732e-01 2.412288e-01 1.695170e-01 1.212330e-01 7.973875e-02 7.916790e-02 9.706981e-02 1.299989e-01 1.935693e-01 2.412288e-01 2.412288e-01 2.412288e-01 2.109409e-01 1.114888e-01 9.165198e-02 4.49 109
1.128241e-01 1.098148e-01 1.212942e-01 1.296418e-01 1.643434e-01 1.711114e-01 2.155231e-01 2.155231e-01 1.720042e-01 1.485823e-01 1.905167e-01 2.155231e-01 2.155231e-01 2.155231e-01 1.887593e-01 1.705835e-01 1.594784e-01 1.511943e-01 1.624603e-01 1.542200e-01 1.448005e-01 1.328318e-01 1.495336e-01 1.032001e-01 9.828508e-02 8.750692e-02 1.182228e-01 1.594745e-01 1.895143e-01 2.155231e-01 2.155231e-01 2.155231e-01 2.108751e-01 1.552264e-01 1.208619e-01 1.311849e-01 4.86 110
2.065440e-01 1.517121e-01 1.510483e-01 1.139349e-01 9.748510e-02 9.220329e-02 1.073488e-01 1.092972e-01 1.842972e-01 2.065440e-01 1.577916e-01 2.045358e-01 1.661736e-01 1.447314e-01 1.541173e-01 1.721063e-01 1.834566e-01 2.065440e-01 2.065440e-01 1.566819e-01 1.576148e-01 1.791842e-01 1.392001e-01 1.063731e-01 1.096736e-01 8.525930e-02 1.458838e-01 2.065440e-01 1.671277e-01 1.906701e-01 2.065440e-01 2.065440e-01 2.011539e-01 1.866530e-01 1.725713e-01 2.065440e-01 7.08 111
1.425194e-01 8.797851e-02 1.144093e-01 1.419160e-01 1.774695e-01 1.406957e-01 1.591920e-01 1.646548e-01 1.863147e-01 1.196505e-01 1.574410e-01 2.283891e-01 2.283891e-01 2.283891e-01 1.703522e-01 1.288128e-01 1.170672e-01 1.155752e-01 1.859345e-01 1.377125e-01 9.897529e-02 1.005045e-01 1.485044e-01 1.548215e-01 1.735902e-01 2.283891e-01 2.283891e-01 1.003963e-01 1.029846e-01 1.816725e-01 2.283891e-01 2.283891e-01 2.283891e-01 1.837846e-01 1.448397e-01 1.146886e-01 5.82 112
1.843082e-01 1.059143e-01 1.016480e-01 1.182193e-01 1.475144e-01 1.240542e-01 1.356232e-01 1.362354e-01 1.657797e-01 1.744787e-01 1.401521e-01 1.627680e-01 2.178755e-01 2.178755e-01 2.178755e-01 2.178755e-01 1.774613e-01 1.710375e-01 1.621802e-01 1.580535e-01 1.560470e-01 1.341307e-01 1.641290e-01 8.824115e-02 1.202929e-01 9.370307e-02 1.337315e-01 1.395166e-01 1.454281e-01 1.697549e-01 1.912840e-01 2.178755e-01 2.178755e-01 2.178755e-01 2.177331e-01 1.907654e-01 6.51 113
1.549938e-01 8.317439e-02 9.154589e-02 6.864360e-02 2.020619e-01 9.251485e-02 1.361062e-01 1.232533e-01 1.669617e-01 1.911043e-01 1.423358e-01 1.560672e-01 1.671457e-01 2.101093e-01 2.095913e-01 2.101093e-01 2.101093e-01 2.101093e-01 2.101093e-01 1.501465e-01 1.448138e-01 9.803119e-02 1.682579e-01 1.066663e-01 1.160005e-01 1.040221e-01 2.101093e-01 2.101093e-01 1.678079e-01 1.597150e-01 1.483443e-01 2.101093e-01 1.944585e-01 1.863974e-01 1.713068e-01 2.101093e-01 6.14 114
2.162454e-01 1.697631e-01 1.446654e-01 7.915637e-02 5.720277e-02 6.572511e-02 1.083516e-01 2.024371e-01 2.162454e-01 2.162454e-01 2.162454e-01 2.162454e-01 1.883619e-01 1.300428e-01 1.155737e-01 1.184841e-01 1.422594e-01 1.600936e-01 2.162454e-01 2.162454e-01 1.648684e-01 1.116839e-01 9.275098e-02 7.265954e-02 1.428810e-01 1.220599e-01 1.963683e-01 2.162454e-01 2.162454e-01 1.752550e-01 1.429962e-01 1.629790e-01 1.714590e-01 2.162454e-01 1.588185e-01 1.750453e-01 7.98 115
9.002692e-02 6.736556e-02 7.720514e-02 1.032047e-01 1.645618e-01 1.654040e-01 1.894932e-01 1.693706e-01 1.522761e-01 9.799617e-02 8.998456e-02 1.502378e-01 2.192368e-01 2.192368e-01 2.192368e-01 2.007690e-01 1.831235e-01 1.657105e-01 2.192368e-01 1.806341e-01 1.569926e-01 1.324334e-01 1.497623e-01 1.441247e-01 1.340110e-01 1.271542e-01 1.831501e-01 1.899021e-01 1.849259e-01 1.748212e-01 2.192368e-01 2.192368e-01 2.192368e-01 1.567595e-01 1.226343e-01 1.561245e-01 4.3 116
2.200438e-01 2.074188e-01 1.254509e-01 7.837388e-02 7.110396e-02 8.343570e-02 1.305131e-01 2.200438e-01 2.200438e-01 2.200438e-01 1.908784e-01 1.707870e-01 1.729717e-01 2.200438e-01 1.969166e-01 1.517588e-01 1.424357e-01 1.794411e-01 2.005387e-01 1.358251e-01 9.486125e-02 7.134311e-02 1.108040e-01 1.026821e-01 1.332921e-01 1.838415e-01 2.200438e-01 1.495478e-01 1.580877e-01 1.833386e-01 2.043377e-01 2.200438e-01 1.781691e-01 1.379649e-01 1.345609e-01 1.361923e-01 4.73 117
