Eyes Features
1 1 1 1 1 1 1 2 2 3 3 3 3 4 4 4 5 7 7 7 8 9 9 9 9 12 12 13 13 13 16 16 16 18 24 24 24 24 24 25 31 32 35 35 35 35 35 35 35 35 35 35 35 35 35 35 35 35 35 35 35 35 35 35 35 35 35 35 35 35 35 35 35 35 35 35 35 35 35 37 37 38 38 38 38 38 38 39 40 41 43 43 43 43 45 45 46 47 47 47 48 48 48 48 48 48 48 49 49 49 49 49 49 49 51 51 51 51 51 54 55 55 56 56 56 56 56 56 56 57 57 57 57 57 57 57 57 57 57 57 57 57 59 59 59 61 61 63 63 63 63 63 63 63 63 63 63 63 64 64 64 64 64 64 64 64 64 64 64 64 64 64 64 64 64 65 65 65 65 65 65 65 65 65 65 65 66 66 66 66 66 66 66 66 66 66 66 68 68 68 68 69 69 69 69 69 70 71 71 71 71 71 72 72 72 72 72 72 72 72 72 72 72 72 73 73 73 73 73 73 73 73 73 73 73 75 76 76 76 76 76 76 76 76 76 76 76 78 78 78 78 78 78 78 78 78 78 78 78 78 78 78 78 78 78 79 79 79 79 79 79 79 79 79 79 79 79 79 81 81 81 82 82 82 82 82 82 82 82 82 82 82 82 82 82 82 83 84 84 84 84 84 84 84 85 85 85 86 86 86 86 86 86 86 86 86 86 87 87 87 87 88 88 88 88 88 88 89 90 90 90 90 90 91 91 91 91 91 91 91 91 91 91 91 91 91 91 91 91 91 92 92 92 92 92 92 92 92 92 92 92 92 92 92 92 92 92 92 92 93 93 93 93 93 93 93 93 93 93 93 93 93 93 93 93 93 93 95 95 95 95 95 95 95 95 95 95 95 95 95 95 95 95 95 95 95 95 95 95 95 95 95 96 96 96 96 96 96 97 97 97 97 97 97 97 97 97 97 97 97 97 97 99 99 99 99 99 99 99 99 99 99 99 99 99 99 99 99 99 99 99 99 99 99 99 99 99 99 99 99 100 100 100 100 100 100 100 100 100 100 100 100 100 100 100 100 100 100 100 100 100 100 100 100 100 100 100 101 102 102 102 102 103 103 103 103 103 103 103 103 103 103 103 103 103 103 103 103 103 103 103 103 103 103 103 103 103 103 105 105 105 105 105 105 106 106 106 107 107 108 108 108 108 108 108 108 108 108 108 108 108 108 108 108 108 109 109 109 109 109 109 109 109 110 110 110 110 110 110 110 110 110 110 110 110 110 110 110 110 110 111 111 111 111 111 111 111 111 111 111 111 111 111 111 111 111 111 111 111 112 112 112 113 113 113 114 114 114 114 115 115 115 115 115 115 115 115 115 115 115 115 115 115 116 116 116 116 116 116 116 116 116 116 116 116 116 116 116 116 116 116 116 116 116 116 116 116 116 116 116 116 116 116 116 116 116 117 117 117 117 117 117 117 117 117 117 117 117 117 117 117 117 117 117 117 117 117 117 117 117 117 117 117 117 117 117 117 117 117 117 117 117 117 117 117 117 117 117 117 117 117 117 117 117 117 117 117 117 117 117 117 117 117 117 117 117 117 117 117 117 117 117 117 
Nose Features
1 1 3 12 12 13 13 13 31 31 31 31 32 34 35 35 38 38 38 39 39 43 44 47 47 48 50 53 61 61 64 64 65 65 66 66 66 67 68 71 71 71 74 74 75 77 77 78 79 81 81 82 82 86 87 88 88 89 89 90 90 91 92 92 92 92 95 95 95 95 95 95 96 96 97 99 99 99 99 100 100 103 103 103 104 104 105 106 106 107 107 110 110 110 111 111 111 111 111 113 113 115 115 115 115 115 
Mouth Features
1 1 1 1 2 2 2 2 3 3 3 5 6 9 10 10 11 11 14 15 17 18 19 19 19 19 20 20 20 20 21 22 23 23 24 25 26 26 26 26 26 26 27 28 29 30 30 30 31 31 31 32 32 32 33 34 34 34 34 34 36 36 36 36 36 38 38 38 38 38 38 39 39 40 42 45 45 47 47 48 52 54 55 55 56 58 59 59 60 62 64 66 68 70 70 71 71 71 71 71 72 73 74 75 76 77 77 77 77 77 79 79 79 79 80 81 81 81 84 84 86 86 86 86 88 88 89 90 91 91 92 92 92 94 94 96 96 96 99 99 100 100 100 100 103 103 103 103 103 103 104 107 109 109 109 109 109 109 110 110 111 111 112 112 114 114 114 
Only eyes : 20
[4, 7, 8, 16, 37, 41, 46, 49, 51, 57, 63, 69, 83, 85, 93, 101, 102, 108, 116, 117]
Only nose : 4
[44, 50, 53, 67]
Only mouth : 25
[6, 10, 11, 14, 15, 17, 19, 20, 21, 22, 23, 26, 27, 28, 29, 30, 33, 36, 42, 52, 58, 60, 62, 80, 94]
eyes and nose : 15
[12, 13, 35, 43, 61, 65, 78, 82, 87, 95, 97, 105, 106, 113, 115]
nose and mouth : 4
[34, 74, 77, 104]
eyes and mouth : 20
[2, 5, 9, 18, 24, 25, 40, 45, 54, 55, 56, 59, 70, 72, 73, 76, 84, 109, 112, 114]
all : 28
[1, 3, 31, 32, 38, 39, 47, 48, 64, 66, 68, 71, 75, 79, 81, 86, 88, 89, 90, 91, 92, 96, 99, 100, 103, 107, 110, 111]
none : 1
[98]
