Only eyes : 13
[7, 11, 12, 23, 34, 35, 54, 60, 66, 69, 71, 79, 91]
Only nose : 4
[64, 70, 75, 98]
Only mouth : 24
[10, 15, 16, 21, 22, 24, 27, 29, 30, 31, 32, 38, 39, 40, 42, 44, 50, 53, 59, 62, 74, 80, 84, 90]
eyes and nose : 6
[17, 20, 52, 63, 88, 93]
nose and mouth : 1
[51]
eyes and mouth : 10
[3, 8, 13, 25, 65, 68, 76, 77, 78, 81]
all : 9
[1, 6, 45, 49, 55, 56, 67, 92, 95]
none : 33
[2, 4, 5, 9, 14, 18, 19, 26, 28, 33, 36, 37, 41, 43, 46, 47, 48, 57, 58, 61, 72, 73, 82, 83, 85, 86, 87, 89, 94, 96, 97, 99, 100]